 ######################################################################
 #Data for Case=           9
 #   ALPHA,             N,       ITERATIONS, VW,          UMAX ,       UAVG,           UTAU1,          UTAU2    
  #  9.99999975E-05    1001      4681  8.59000015E+00  8.72100772E+00  7.34279173E+00  3.46767845E-01  4.65195373E-02
 ######################################################################
 # YPAD(I)/H,     U(I)/VW	
  0.00000000E+00  0.00000000E+00
  9.75257087E-04  9.36417857E-02
  1.95061171E-03  1.79482763E-01
  2.92606386E-03  2.65543238E-01
  3.90161357E-03  3.14226014E-01
  4.87726084E-03  3.68949410E-01
  5.85300568E-03  3.96153665E-01
  6.82884809E-03  4.29490914E-01
  7.80478810E-03  4.47554105E-01
  8.78082571E-03  4.69514619E-01
  9.75696092E-03  4.82752248E-01
  1.07331938E-02  4.98385203E-01
  1.17095242E-02  5.08681731E-01
  1.26859523E-02  5.20509885E-01
  1.36624781E-02  5.28852628E-01
  1.46391015E-02  5.38224613E-01
  1.56158225E-02  5.45192221E-01
  1.65926413E-02  5.52883665E-01
  1.75695577E-02  5.58841003E-01
  1.85465718E-02  5.65327527E-01
  1.95236837E-02  5.70517145E-01
  2.05008932E-02  5.76106440E-01
  2.14782005E-02  5.80696347E-01
  2.24556055E-02  5.85596487E-01
  2.34331083E-02  5.89707016E-01
  2.44107088E-02  5.94063996E-01
  2.53884071E-02  5.97783786E-01
  2.63662031E-02  6.01703269E-01
  2.73440970E-02  6.05099184E-01
  2.83220886E-02  6.08659692E-01
  2.93001780E-02  6.11783224E-01
  3.02783653E-02  6.15044445E-01
  3.12566504E-02  6.17935969E-01
  3.22350333E-02  6.20944181E-01
  3.32135140E-02  6.23635863E-01
  3.41920926E-02  6.26427574E-01
  3.51707691E-02  6.28945405E-01
  3.61495434E-02  6.31549859E-01
  3.71284157E-02  6.33915110E-01
  3.81073858E-02  6.36356055E-01
  3.90864538E-02  6.38586335E-01
  4.00656197E-02  6.40883294E-01
  4.10448836E-02  6.42993332E-01
  4.20242454E-02  6.45162535E-01
  4.30037051E-02  6.47164769E-01
  4.39832628E-02  6.49219845E-01
  4.49629184E-02  6.51124868E-01
  4.59426720E-02  6.53077366E-01
  4.69225236E-02  6.54894276E-01
  4.79024731E-02  6.56754064E-01
  4.88825207E-02  6.58490730E-01
  4.98626663E-02  6.60266309E-01
  5.08429099E-02  6.61929579E-01
  5.18232515E-02  6.63628322E-01
  5.28036912E-02  6.65224201E-01
  5.37842289E-02  6.66852544E-01
  5.47648647E-02  6.68386322E-01
  5.57455986E-02  6.69949920E-01
  5.67264305E-02  6.71426283E-01
  5.77073605E-02  6.72930130E-01
  5.86883886E-02  6.74353253E-01
  5.96695148E-02  6.75801784E-01
  6.06507392E-02  6.77175400E-01
  6.16320616E-02  6.78572572E-01
  6.26134822E-02  6.79900035E-01
  6.35950010E-02  6.81249393E-01
  6.45766179E-02  6.82533729E-01
  6.55583330E-02  6.83838465E-01
  6.65401462E-02  6.85082413E-01
  6.75220576E-02  6.86345409E-01
  6.85040673E-02  6.87551458E-01
  6.94861751E-02  6.88775329E-01
  7.04683812E-02  6.89945746E-01
  7.14506854E-02  6.91132871E-01
  7.24330880E-02  6.92269729E-01
  7.34155887E-02  6.93422277E-01
  7.43981877E-02  6.94527477E-01
  7.53808850E-02  6.95647437E-01
  7.63636806E-02  6.96722725E-01
  7.73465744E-02  6.97811919E-01
  7.83295665E-02  6.98858905E-01
  7.93126570E-02  6.99919011E-01
  8.02958457E-02  7.00939182E-01
  8.12791328E-02  7.01971749E-01
  8.22625182E-02  7.02966481E-01
  8.32460019E-02  7.03972938E-01
  8.42295840E-02  7.04943507E-01
  8.52132645E-02  7.05925180E-01
  8.61970433E-02  7.06872773E-01
  8.71809206E-02  7.07830894E-01
  8.81648962E-02  7.08756613E-01
  8.91489702E-02  7.09692326E-01
  9.01331426E-02  7.10597203E-01
  9.11174135E-02  7.11511573E-01
  9.21017828E-02  7.12396569E-01
  9.30862505E-02  7.13290593E-01
  9.40708167E-02  7.14156608E-01
  9.50554813E-02  7.15031216E-01
  9.60402444E-02  7.15879092E-01
  9.70251060E-02  7.16735156E-01
  9.80100661E-02  7.17565685E-01
  9.89951247E-02  7.18404021E-01
  9.99802818E-02  7.19217947E-01
  1.00965537E-01  7.20039320E-01
  1.01950892E-01  7.20837342E-01
  1.02936344E-01  7.21642475E-01
  1.03921895E-01  7.22425250E-01
  1.04907545E-01  7.23214821E-01
  1.05893294E-01  7.23982972E-01
  1.06879141E-01  7.24757619E-01
  1.07865086E-01  7.25511731E-01
  1.08851130E-01  7.26272059E-01
  1.09837273E-01  7.27012686E-01
  1.10823514E-01  7.27759263E-01
  1.11809854E-01  7.28486929E-01
  1.12796293E-01  7.29220295E-01
  1.13782830E-01  7.29935496E-01
  1.14769466E-01  7.30656160E-01
  1.15756201E-01  7.31359367E-01
  1.16743034E-01  7.32067811E-01
  1.17729966E-01  7.32759470E-01
  1.18716997E-01  7.33456153E-01
  1.19704126E-01  7.34136686E-01
  1.20691354E-01  7.34822042E-01
  1.21678681E-01  7.35491852E-01
  1.22666107E-01  7.36166294E-01
  1.23653631E-01  7.36825764E-01
  1.24641254E-01  7.37489684E-01
  1.25628976E-01  7.38139178E-01
  1.26616796E-01  7.38792949E-01
  1.27604716E-01  7.39432815E-01
  1.28592734E-01  7.40076792E-01
  1.29580851E-01  7.40707359E-01
  1.30569067E-01  7.41341881E-01
  1.31557381E-01  7.41963466E-01
  1.32545795E-01  7.42588855E-01
  1.33534307E-01  7.43201758E-01
  1.34522918E-01  7.43818324E-01
  1.35511629E-01  7.44422832E-01
  1.36500437E-01  7.45030867E-01
  1.37489345E-01  7.45627257E-01
  1.38478352E-01  7.46227042E-01
  1.39467458E-01  7.46815575E-01
  1.40456662E-01  7.47407380E-01
  1.41445966E-01  7.47988308E-01
  1.42435368E-01  7.48572389E-01
  1.43424869E-01  7.49145953E-01
  1.44414470E-01  7.49722556E-01
  1.45404169E-01  7.50288987E-01
  1.46393967E-01  7.50858348E-01
  1.47383864E-01  7.51417866E-01
  1.48373861E-01  7.51980210E-01
  1.49363956E-01  7.52533028E-01
  1.50354150E-01  7.53088573E-01
  1.51344443E-01  7.53634894E-01
  1.52334836E-01  7.54183846E-01
  1.53325327E-01  7.54723866E-01
  1.54315917E-01  7.55266425E-01
  1.55306607E-01  7.55800332E-01
  1.56297395E-01  7.56336689E-01
  1.57288283E-01  7.56864663E-01
  1.58279270E-01  7.57395002E-01
  1.59270355E-01  7.57917217E-01
  1.60261540E-01  7.58441715E-01
  1.61252824E-01  7.58958336E-01
  1.62244207E-01  7.59477164E-01
  1.63235690E-01  7.59988353E-01
  1.64227271E-01  7.60501673E-01
  1.65218952E-01  7.61007584E-01
  1.66210732E-01  7.61515554E-01
  1.67202611E-01  7.62016337E-01
  1.68194589E-01  7.62519109E-01
  1.69186666E-01  7.63014907E-01
  1.70178843E-01  7.63512626E-01
  1.71171119E-01  7.64003577E-01
  1.72163494E-01  7.64496385E-01
  1.73155968E-01  7.64982622E-01
  1.74148542E-01  7.65470654E-01
  1.75141214E-01  7.65952307E-01
  1.76133986E-01  7.66435694E-01
  1.77126858E-01  7.66912887E-01
  1.78119828E-01  7.67391756E-01
  1.79112898E-01  7.67864607E-01
  1.80106068E-01  7.68339079E-01
  1.81099336E-01  7.68807707E-01
  1.82092704E-01  7.69277900E-01
  1.83086172E-01  7.69742414E-01
  1.84079738E-01  7.70208442E-01
  1.85073404E-01  7.70668952E-01
  1.86067169E-01  7.71130925E-01
  1.87061034E-01  7.71587535E-01
  1.88054998E-01  7.72045559E-01
  1.89049062E-01  7.72498370E-01
  1.90043225E-01  7.72952548E-01
  1.91037487E-01  7.73401657E-01
  1.92031849E-01  7.73852088E-01
  1.93026310E-01  7.74297591E-01
  1.94020871E-01  7.74744372E-01
  1.95015531E-01  7.75186360E-01
  1.96010291E-01  7.75629583E-01
  1.97005150E-01  7.76068145E-01
  1.98000108E-01  7.76507901E-01
  1.98995166E-01  7.76943123E-01
  1.99990324E-01  7.77379498E-01
  2.00985581E-01  7.77811463E-01
  2.01980938E-01  7.78244543E-01
  2.02976394E-01  7.78673332E-01
  2.03971950E-01  7.79103198E-01
  2.04967605E-01  7.79528889E-01
  2.05963360E-01  7.79955621E-01
  2.06959214E-01  7.80378290E-01
  2.07955168E-01  7.80801964E-01
  2.08951222E-01  7.81221684E-01
  2.09947375E-01  7.81642376E-01
  2.10943628E-01  7.82059219E-01
  2.11939981E-01  7.82477000E-01
  2.12936433E-01  7.82891035E-01
  2.13932985E-01  7.83305976E-01
  2.14929636E-01  7.83717271E-01
  2.15926387E-01  7.84129440E-01
  2.16923238E-01  7.84538059E-01
  2.17920188E-01  7.84947522E-01
  2.18917239E-01  7.85353529E-01
  2.19914389E-01  7.85760350E-01
  2.20911638E-01  7.86163806E-01
  2.21908988E-01  7.86568048E-01
  2.22906437E-01  7.86969014E-01
  2.23903985E-01  7.87370737E-01
  2.24901634E-01  7.87769270E-01
  2.25899382E-01  7.88168533E-01
  2.26897231E-01  7.88564689E-01
  2.27895179E-01  7.88961550E-01
  2.28893226E-01  7.89355385E-01
  2.29891374E-01  7.89749899E-01
  2.30889621E-01  7.90141465E-01
  2.31887968E-01  7.90533685E-01
  2.32886415E-01  7.90923035E-01
  2.33884962E-01  7.91313015E-01
  2.34883609E-01  7.91700199E-01
  2.35882356E-01  7.92087989E-01
  2.36881202E-01  7.92473056E-01
  2.37880149E-01  7.92858706E-01
  2.38879195E-01  7.93241704E-01
  2.39878341E-01  7.93625263E-01
  2.40877587E-01  7.94006237E-01
  2.41876933E-01  7.94387751E-01
  2.42876379E-01  7.94766747E-01
  2.43875925E-01  7.95146263E-01
  2.44875571E-01  7.95523325E-01
  2.45875317E-01  7.95900886E-01
  2.46875163E-01  7.96276057E-01
  2.47875109E-01  7.96651706E-01
  2.48875155E-01  7.97025028E-01
  2.49875300E-01  7.97398808E-01
  2.50875546E-01  7.97770321E-01
  2.51875892E-01  7.98142273E-01
  2.52876338E-01  7.98512015E-01
  2.53876884E-01  7.98882180E-01
  2.54877530E-01  7.99250191E-01
  2.55878276E-01  7.99618606E-01
  2.56879122E-01  7.99984923E-01
  2.57880069E-01  8.00351626E-01
  2.58881115E-01  8.00716286E-01
  2.59882262E-01  8.01081315E-01
  2.60883508E-01  8.01444352E-01
  2.61884855E-01  8.01807742E-01
  2.62886302E-01  8.02169193E-01
  2.63887849E-01  8.02530978E-01
  2.64889496E-01  8.02890875E-01
  2.65891243E-01  8.03251091E-01
  2.66893091E-01  8.03609466E-01
  2.67895039E-01  8.03968146E-01
  2.68897087E-01  8.04325032E-01
  2.69899235E-01  8.04682207E-01
  2.70901483E-01  8.05037635E-01
  2.71903832E-01  8.05393337E-01
  2.72906280E-01  8.05747337E-01
  2.73908830E-01  8.06101597E-01
  2.74911479E-01  8.06454199E-01
  2.75914229E-01  8.06807047E-01
  2.76917078E-01  8.07158279E-01
  2.77920029E-01  8.07509743E-01
  2.78923079E-01  8.07859634E-01
  2.79926230E-01  8.08209743E-01
  2.80929481E-01  8.08558320E-01
  2.81932832E-01  8.08907102E-01
  2.82936284E-01  8.09254391E-01
  2.83939836E-01  8.09601873E-01
  2.84943489E-01  8.09947900E-01
  2.85947242E-01  8.10294108E-01
  2.86951095E-01  8.10638898E-01
  2.87955049E-01  8.10983858E-01
  2.88959103E-01  8.11327436E-01
  2.89963257E-01  8.11671172E-01
  2.90967512E-01  8.12013563E-01
  2.91971867E-01  8.12356099E-01
  2.92976323E-01  8.12697325E-01
  2.93980879E-01  8.13038685E-01
  2.94985536E-01  8.13378769E-01
  2.95990293E-01  8.13718977E-01
  2.96995150E-01  8.14057942E-01
  2.98000109E-01  8.14397019E-01
  2.99005167E-01  8.14734885E-01
  3.00010326E-01  8.15072854E-01
  3.01015586E-01  8.15409643E-01
  3.02020946E-01  8.15746524E-01
  3.03026407E-01  8.16082257E-01
  3.04031968E-01  8.16418072E-01
  3.05037630E-01  8.16752768E-01
  3.06043392E-01  8.17087537E-01
  3.07049255E-01  8.17421216E-01
  3.08055219E-01  8.17754957E-01
  3.09061283E-01  8.18087638E-01
  3.10067447E-01  8.18420371E-01
  3.11073713E-01  8.18752072E-01
  3.12080079E-01  8.19083817E-01
  3.13086546E-01  8.19414556E-01
  3.14093113E-01  8.19745330E-01
  3.15099781E-01  8.20075124E-01
  3.16106549E-01  8.20404944E-01
  3.17113419E-01  8.20733811E-01
  3.18120389E-01  8.21062695E-01
  3.19127460E-01  8.21390650E-01
  3.20134631E-01  8.21718615E-01
  3.21141903E-01  8.22045675E-01
  3.22149276E-01  8.22372737E-01
  3.23156750E-01  8.22698918E-01
  3.24164324E-01  8.23025092E-01
  3.25171999E-01  8.23350408E-01
  3.26179775E-01  8.23675711E-01
  3.27187652E-01  8.24000177E-01
  3.28195629E-01  8.24324623E-01
  3.29203707E-01  8.24648254E-01
  3.30211887E-01  8.24971857E-01
  3.31220167E-01  8.25294667E-01
  3.32228547E-01  8.25617441E-01
  3.33237029E-01  8.25939443E-01
  3.34245611E-01  8.26261402E-01
  3.35254295E-01  8.26582610E-01
  3.36263079E-01  8.26903768E-01
  3.37271964E-01  8.27224193E-01
  3.38280950E-01  8.27544562E-01
  3.39290037E-01  8.27864218E-01
  3.40299225E-01  8.28183811E-01
  3.41308513E-01  8.28502710E-01
  3.42317903E-01  8.28821539E-01
  3.43327394E-01  8.29139692E-01
  3.44336985E-01  8.29457769E-01
  3.45346678E-01  8.29775187E-01
  3.46356471E-01  8.30092523E-01
  3.47366365E-01  8.30409217E-01
  3.48376361E-01  8.30725824E-01
  3.49386457E-01  8.31041806E-01
  3.50396655E-01  8.31357694E-01
  3.51406953E-01  8.31672972E-01
  3.52417353E-01  8.31988152E-01
  3.53427854E-01  8.32302737E-01
  3.54438455E-01  8.32617218E-01
  3.55449158E-01  8.32931120E-01
  3.56459962E-01  8.33244913E-01
  3.57470867E-01  8.33558141E-01
  3.58481872E-01  8.33871255E-01
  3.59492980E-01  8.34183818E-01
  3.60504188E-01  8.34496261E-01
  3.61515497E-01  8.34808168E-01
  3.62526907E-01  8.35119950E-01
  3.63538419E-01  8.35431209E-01
  3.64550032E-01  8.35742338E-01
  3.65561746E-01  8.36052957E-01
  3.66573561E-01  8.36363442E-01
  3.67585477E-01  8.36673428E-01
  3.68597495E-01  8.36983277E-01
  3.69609613E-01  8.37292639E-01
  3.70621833E-01  8.37601858E-01
  3.71634154E-01  8.37910602E-01
  3.72646577E-01  8.38219200E-01
  3.73659100E-01  8.38527334E-01
  3.74671725E-01  8.38835317E-01
  3.75684451E-01  8.39142847E-01
  3.76697279E-01  8.39450222E-01
  3.77710207E-01  8.39757155E-01
  3.78723237E-01  8.40063929E-01
  3.79736369E-01  8.40370270E-01
  3.80749601E-01  8.40676449E-01
  3.81762935E-01  8.40982205E-01
  3.82776370E-01  8.41287795E-01
  3.83789907E-01  8.41592971E-01
  3.84803545E-01  8.41897978E-01
  3.85817284E-01  8.42202580E-01
  3.86831125E-01  8.42507009E-01
  3.87845067E-01  8.42811042E-01
  3.88859111E-01  8.43114898E-01
  3.89873256E-01  8.43418367E-01
  3.90887502E-01  8.43721655E-01
  3.91901850E-01  8.44024565E-01
  3.92916299E-01  8.44327290E-01
  3.93930850E-01  8.44629645E-01
  3.94945502E-01  8.44931812E-01
  3.95960256E-01  8.45233616E-01
  3.96975111E-01  8.45535229E-01
  3.97990067E-01  8.45836486E-01
  3.99005125E-01  8.46137550E-01
  4.00020285E-01  8.46438264E-01
  4.01035546E-01  8.46738782E-01
  4.02050909E-01  8.47038957E-01
  4.03066373E-01  8.47338933E-01
  4.04081939E-01  8.47638571E-01
  4.05097606E-01  8.47938009E-01
  4.06113375E-01  8.48237115E-01
  4.07129245E-01  8.48536017E-01
  4.08145217E-01  8.48834593E-01
  4.09161291E-01  8.49132962E-01
  4.10177466E-01  8.49431011E-01
  4.11193743E-01  8.49728852E-01
  4.12210122E-01  8.50026376E-01
  4.13226602E-01  8.50323690E-01
  4.14243184E-01  8.50620693E-01
  4.15259867E-01  8.50917482E-01
  4.16276652E-01  8.51213965E-01
  4.17293539E-01  8.51510233E-01
  4.18310528E-01  8.51806198E-01
  4.19327618E-01  8.52101946E-01
  4.20344810E-01  8.52397396E-01
  4.21362103E-01  8.52692626E-01
  4.22379499E-01  8.52987562E-01
  4.23396996E-01  8.53282276E-01
  4.24414595E-01  8.53576699E-01
  4.25432296E-01  8.53870899E-01
  4.26450098E-01  8.54164812E-01
  4.27468002E-01  8.54458499E-01
  4.28486008E-01  8.54751902E-01
  4.29504116E-01  8.55045077E-01
  4.30522326E-01  8.55337972E-01
  4.31540637E-01  8.55630637E-01
  4.32559051E-01  8.55923024E-01
  4.33577566E-01  8.56215180E-01
  4.34596183E-01  8.56507060E-01
  4.35614902E-01  8.56798707E-01
  4.36633722E-01  8.57090081E-01
  4.37652645E-01  8.57381221E-01
  4.38671670E-01  8.57672090E-01
  4.39690796E-01  8.57962722E-01
  4.40710024E-01  8.58253086E-01
  4.41729355E-01  8.58543212E-01
  4.42748787E-01  8.58833071E-01
  4.43768321E-01  8.59122691E-01
  4.44787957E-01  8.59412045E-01
  4.45807695E-01  8.59701158E-01
  4.46827535E-01  8.59990008E-01
  4.47847477E-01  8.60278616E-01
  4.48867522E-01  8.60566961E-01
  4.49887668E-01  8.60855063E-01
  4.50907916E-01  8.61142903E-01
  4.51928266E-01  8.61430499E-01
  4.52948718E-01  8.61717834E-01
  4.53969272E-01  8.62004924E-01
  4.54989929E-01  8.62291753E-01
  4.56010687E-01  8.62578337E-01
  4.57031547E-01  8.62864660E-01
  4.58052510E-01  8.63150736E-01
  4.59073574E-01  8.63436554E-01
  4.60094741E-01  8.63722122E-01
  4.61116010E-01  8.64007432E-01
  4.62137381E-01  8.64292493E-01
  4.63158854E-01  8.64577295E-01
  4.64180429E-01  8.64861847E-01
  4.65202107E-01  8.65146140E-01
  4.66223887E-01  8.65430182E-01
  4.67245768E-01  8.65713966E-01
  4.68267752E-01  8.65997498E-01
  4.69289839E-01  8.66280771E-01
  4.70312027E-01  8.66563791E-01
  4.71334318E-01  8.66846554E-01
  4.72356710E-01  8.67129061E-01
  4.73379206E-01  8.67411310E-01
  4.74401803E-01  8.67693304E-01
  4.75424503E-01  8.67975040E-01
  4.76447305E-01  8.68256519E-01
  4.77470209E-01  8.68537740E-01
  4.78493215E-01  8.68818703E-01
  4.79516324E-01  8.69099408E-01
  4.80539535E-01  8.69379854E-01
  4.81562849E-01  8.69660041E-01
  4.82586264E-01  8.69939969E-01
  4.83609782E-01  8.70219636E-01
  4.84633403E-01  8.70499044E-01
  4.85657126E-01  8.70778192E-01
  4.86680951E-01  8.71057079E-01
  4.87704879E-01  8.71335704E-01
  4.88728909E-01  8.71614069E-01
  4.89753041E-01  8.71892171E-01
  4.90777276E-01  8.72170011E-01
  4.91801613E-01  8.72447589E-01
  4.92826053E-01  8.72724904E-01
  4.93850595E-01  8.73001955E-01
  4.94875240E-01  8.73278743E-01
  4.95899987E-01  8.73555266E-01
  4.96924836E-01  8.73831525E-01
  4.97949788E-01  8.74107519E-01
  4.98974843E-01  8.74383248E-01
  5.00000000E-01  8.74658711E-01
  5.01025157E-01  8.74934673E-01
  5.02050212E-01  8.75210050E-01
  5.03075164E-01  8.75485212E-01
  5.04100013E-01  8.75760016E-01
  5.05124760E-01  8.76034529E-01
  5.06149405E-01  8.76308709E-01
  5.07173947E-01  8.76582590E-01
  5.08198387E-01  8.76856140E-01
  5.09222724E-01  8.77129390E-01
  5.10246959E-01  8.77402308E-01
  5.11271091E-01  8.77674927E-01
  5.12295121E-01  8.77947214E-01
  5.13319049E-01  8.78219201E-01
  5.14342874E-01  8.78490855E-01
  5.15366597E-01  8.78762209E-01
  5.16390218E-01  8.79033231E-01
  5.17413736E-01  8.79303952E-01
  5.18437151E-01  8.79574340E-01
  5.19460465E-01  8.79844429E-01
  5.20483676E-01  8.80114183E-01
  5.21506785E-01  8.80383637E-01
  5.22529791E-01  8.80652757E-01
  5.23552695E-01  8.80921578E-01
  5.24575497E-01  8.81190063E-01
  5.25598197E-01  8.81458249E-01
  5.26620794E-01  8.81726100E-01
  5.27643290E-01  8.81993651E-01
  5.28665682E-01  8.82260866E-01
  5.29687973E-01  8.82527782E-01
  5.30710161E-01  8.82794362E-01
  5.31732248E-01  8.83060643E-01
  5.32754232E-01  8.83326588E-01
  5.33776113E-01  8.83592233E-01
  5.34797893E-01  8.83857542E-01
  5.35819571E-01  8.84122551E-01
  5.36841146E-01  8.84387225E-01
  5.37862619E-01  8.84651598E-01
  5.38883990E-01  8.84915636E-01
  5.39905259E-01  8.85179374E-01
  5.40926426E-01  8.85442777E-01
  5.41947490E-01  8.85705879E-01
  5.42968453E-01  8.85968646E-01
  5.43989313E-01  8.86231113E-01
  5.45010071E-01  8.86493244E-01
  5.46030728E-01  8.86755076E-01
  5.47051282E-01  8.87016572E-01
  5.48071734E-01  8.87277769E-01
  5.49092084E-01  8.87538631E-01
  5.50112332E-01  8.87799192E-01
  5.51132478E-01  8.88059420E-01
  5.52152523E-01  8.88319348E-01
  5.53172465E-01  8.88578942E-01
  5.54192305E-01  8.88838235E-01
  5.55212043E-01  8.89097196E-01
  5.56231679E-01  8.89355856E-01
  5.57251213E-01  8.89614185E-01
  5.58270645E-01  8.89872213E-01
  5.59289976E-01  8.90129910E-01
  5.60309204E-01  8.90387305E-01
  5.61328330E-01  8.90644372E-01
  5.62347355E-01  8.90901136E-01
  5.63366278E-01  8.91157573E-01
  5.64385098E-01  8.91413707E-01
  5.65403817E-01  8.91669515E-01
  5.66422434E-01  8.91925020E-01
  5.67440949E-01  8.92180200E-01
  5.68459363E-01  8.92435077E-01
  5.69477674E-01  8.92689630E-01
  5.70495884E-01  8.92943880E-01
  5.71513992E-01  8.93197809E-01
  5.72531998E-01  8.93451433E-01
  5.73549902E-01  8.93704738E-01
  5.74567704E-01  8.93957739E-01
  5.75585405E-01  8.94210421E-01
  5.76603004E-01  8.94462799E-01
  5.77620501E-01  8.94714861E-01
  5.78637897E-01  8.94966617E-01
  5.79655190E-01  8.95218061E-01
  5.80672382E-01  8.95469198E-01
  5.81689472E-01  8.95720024E-01
  5.82706461E-01  8.95970544E-01
  5.83723348E-01  8.96220755E-01
  5.84740133E-01  8.96470659E-01
  5.85756816E-01  8.96720258E-01
  5.86773398E-01  8.96969548E-01
  5.87789878E-01  8.97218536E-01
  5.88806257E-01  8.97467215E-01
  5.89822534E-01  8.97715594E-01
  5.90838709E-01  8.97963664E-01
  5.91854783E-01  8.98211437E-01
  5.92870755E-01  8.98458900E-01
  5.93886625E-01  8.98706070E-01
  5.94902394E-01  8.98952928E-01
  5.95918061E-01  8.99199497E-01
  5.96933627E-01  8.99445754E-01
  5.97949091E-01  8.99691725E-01
  5.98964454E-01  8.99937383E-01
  5.99979715E-01  9.00182758E-01
  6.00994875E-01  9.00427820E-01
  6.02009933E-01  9.00672604E-01
  6.03024889E-01  9.00917072E-01
  6.04039744E-01  9.01161267E-01
  6.05054498E-01  9.01405145E-01
  6.06069150E-01  9.01648754E-01
  6.07083701E-01  9.01892046E-01
  6.08098150E-01  9.02135072E-01
  6.09112498E-01  9.02377781E-01
  6.10126744E-01  9.02620228E-01
  6.11140889E-01  9.02862357E-01
  6.12154933E-01  9.03104229E-01
  6.13168875E-01  9.03345781E-01
  6.14182716E-01  9.03587082E-01
  6.15196455E-01  9.03828061E-01
  6.16210093E-01  9.04068795E-01
  6.17223630E-01  9.04309206E-01
  6.18237065E-01  9.04549376E-01
  6.19250399E-01  9.04789222E-01
  6.20263631E-01  9.05028833E-01
  6.21276763E-01  9.05268118E-01
  6.22289793E-01  9.05507174E-01
  6.23302721E-01  9.05745903E-01
  6.24315549E-01  9.05984408E-01
  6.25328275E-01  9.06222585E-01
  6.26340900E-01  9.06460545E-01
  6.27353423E-01  9.06698174E-01
  6.28365846E-01  9.06935593E-01
  6.29378167E-01  9.07172680E-01
  6.30390387E-01  9.07409562E-01
  6.31402505E-01  9.07646111E-01
  6.32414523E-01  9.07882462E-01
  6.33426439E-01  9.08118478E-01
  6.34438254E-01  9.08354303E-01
  6.35449968E-01  9.08589791E-01
  6.36461581E-01  9.08825096E-01
  6.37473093E-01  9.09060061E-01
  6.38484503E-01  9.09294850E-01
  6.39495812E-01  9.09529299E-01
  6.40507020E-01  9.09763578E-01
  6.41518128E-01  9.09997515E-01
  6.42529133E-01  9.10231290E-01
  6.43540038E-01  9.10464721E-01
  6.44550842E-01  9.10697998E-01
  6.45561545E-01  9.10930929E-01
  6.46572146E-01  9.11163713E-01
  6.47582647E-01  9.11396150E-01
  6.48593047E-01  9.11628449E-01
  6.49603345E-01  9.11860398E-01
  6.50613543E-01  9.12092217E-01
  6.51623639E-01  9.12323684E-01
  6.52633635E-01  9.12555030E-01
  6.53643529E-01  9.12786022E-01
  6.54653322E-01  9.13016901E-01
  6.55663015E-01  9.13247425E-01
  6.56672606E-01  9.13477844E-01
  6.57682097E-01  9.13707906E-01
  6.58691487E-01  9.13937873E-01
  6.59700775E-01  9.14167480E-01
  6.60709963E-01  9.14397001E-01
  6.61719050E-01  9.14626160E-01
  6.62728036E-01  9.14855242E-01
  6.63736921E-01  9.15083960E-01
  6.64745705E-01  9.15312612E-01
  6.65754389E-01  9.15540897E-01
  6.66762971E-01  9.15769126E-01
  6.67771453E-01  9.15996985E-01
  6.68779833E-01  9.16224798E-01
  6.69788113E-01  9.16452239E-01
  6.70796293E-01  9.16679644E-01
  6.71804371E-01  9.16906675E-01
  6.72812348E-01  9.17133681E-01
  6.73820225E-01  9.17360310E-01
  6.74828001E-01  9.17586925E-01
  6.75835676E-01  9.17813160E-01
  6.76843250E-01  9.18039391E-01
  6.77850724E-01  9.18265242E-01
  6.78858097E-01  9.18491099E-01
  6.79865369E-01  9.18716572E-01
  6.80872540E-01  9.18942064E-01
  6.81879611E-01  9.19167169E-01
  6.82886581E-01  9.19392304E-01
  6.83893451E-01  9.19617051E-01
  6.84900219E-01  9.19841839E-01
  6.85906887E-01  9.20066235E-01
  6.86913454E-01  9.20290685E-01
  6.87919921E-01  9.20514741E-01
  6.88926287E-01  9.20738863E-01
  6.89932553E-01  9.20962587E-01
  6.90938717E-01  9.21186390E-01
  6.91944781E-01  9.21409793E-01
  6.92950745E-01  9.21633288E-01
  6.93956608E-01  9.21856379E-01
  6.94962370E-01  9.22079575E-01
  6.95968032E-01  9.22302365E-01
  6.96973593E-01  9.22525273E-01
  6.97979054E-01  9.22747772E-01
  6.98984414E-01  9.22970401E-01
  6.99989674E-01  9.23192620E-01
  7.00994833E-01  9.23414983E-01
  7.01999891E-01  9.23636931E-01
  7.03004850E-01  9.23859038E-01
  7.04009707E-01  9.24080727E-01
  7.05014464E-01  9.24302589E-01
  7.06019121E-01  9.24524030E-01
  7.07023677E-01  9.24745658E-01
  7.08028133E-01  9.24966863E-01
  7.09032488E-01  9.25188269E-01
  7.10036743E-01  9.25409249E-01
  7.11040897E-01  9.25630446E-01
  7.12044951E-01  9.25851212E-01
  7.13048905E-01  9.26072211E-01
  7.14052758E-01  9.26292776E-01
  7.15056511E-01  9.26513589E-01
  7.16060164E-01  9.26733965E-01
  7.17063716E-01  9.26954605E-01
  7.18067168E-01  9.27174805E-01
  7.19070519E-01  9.27395284E-01
  7.20073770E-01  9.27615321E-01
  7.21076921E-01  9.27835653E-01
  7.22079971E-01  9.28055539E-01
  7.23082922E-01  9.28275737E-01
  7.24085771E-01  9.28495486E-01
  7.25088521E-01  9.28715564E-01
  7.26091170E-01  9.28935189E-01
  7.27093720E-01  9.29155160E-01
  7.28096168E-01  9.29374676E-01
  7.29098517E-01  9.29594555E-01
  7.30100765E-01  9.29813974E-01
  7.31102913E-01  9.30033775E-01
  7.32104961E-01  9.30253113E-01
  7.33106909E-01  9.30472851E-01
  7.34108757E-01  9.30692122E-01
  7.35110504E-01  9.30911812E-01
  7.36112151E-01  9.31131032E-01
  7.37113698E-01  9.31350688E-01
  7.38115145E-01  9.31569872E-01
  7.39116492E-01  9.31789511E-01
  7.40117738E-01  9.32008674E-01
  7.41118885E-01  9.32228312E-01
  7.42119931E-01  9.32447470E-01
  7.43120878E-01  9.32667123E-01
  7.44121724E-01  9.32886293E-01
  7.45122470E-01  9.33105977E-01
  7.46123116E-01  9.33325175E-01
  7.47123662E-01  9.33544909E-01
  7.48124108E-01  9.33764151E-01
  7.49124454E-01  9.33983951E-01
  7.50124700E-01  9.34203256E-01
  7.51124845E-01  9.34423140E-01
  7.52124891E-01  9.34642525E-01
  7.53124837E-01  9.34862511E-01
  7.54124683E-01  9.35081995E-01
  7.55124429E-01  9.35302101E-01
  7.56124075E-01  9.35521701E-01
  7.57123621E-01  9.35741947E-01
  7.58123067E-01  9.35961684E-01
  7.59122413E-01  9.36182088E-01
  7.60121659E-01  9.36401980E-01
  7.61120805E-01  9.36622563E-01
  7.62119851E-01  9.36842630E-01
  7.63118798E-01  9.37063412E-01
  7.64117644E-01  9.37283674E-01
  7.65116391E-01  9.37504676E-01
  7.66115038E-01  9.37725154E-01
  7.67113585E-01  9.37946397E-01
  7.68112032E-01  9.38167112E-01
  7.69110379E-01  9.38388617E-01
  7.70108626E-01  9.38609592E-01
  7.71106774E-01  9.38831382E-01
  7.72104821E-01  9.39052638E-01
  7.73102769E-01  9.39274736E-01
  7.74100618E-01  9.39496296E-01
  7.75098366E-01  9.39718725E-01
  7.76096015E-01  9.39940613E-01
  7.77093563E-01  9.40163397E-01
  7.78091012E-01  9.40385636E-01
  7.79088362E-01  9.40608799E-01
  7.80085611E-01  9.40831414E-01
  7.81082761E-01  9.41054982E-01
  7.82079812E-01  9.41277998E-01
  7.83076762E-01  9.41501997E-01
  7.84073613E-01  9.41725439E-01
  7.85070364E-01  9.41949895E-01
  7.86067015E-01  9.42173791E-01
  7.87063567E-01  9.42398731E-01
  7.88060019E-01  9.42623107E-01
  7.89056372E-01  9.42848559E-01
  7.90052625E-01  9.43073444E-01
  7.91048778E-01  9.43299436E-01
  7.92044832E-01  9.43524858E-01
  7.93040786E-01  9.43751419E-01
  7.94036640E-01  9.43977408E-01
  7.95032395E-01  9.44204570E-01
  7.96028050E-01  9.44431155E-01
  7.97023606E-01  9.44658948E-01
  7.98019062E-01  9.44886161E-01
  7.99014419E-01  9.45114617E-01
  8.00009676E-01  9.45342489E-01
  8.01004834E-01  9.45571641E-01
  8.01999892E-01  9.45800206E-01
  8.02994850E-01  9.46030087E-01
  8.03989709E-01  9.46259378E-01
  8.04984469E-01  9.46490024E-01
  8.05979129E-01  9.46720076E-01
  8.06973690E-01  9.46951522E-01
  8.07968151E-01  9.47182371E-01
  8.08962513E-01  9.47414653E-01
  8.09956775E-01  9.47646336E-01
  8.10950938E-01  9.47879493E-01
  8.11945002E-01  9.48112048E-01
  8.12938966E-01  9.48346119E-01
  8.13932831E-01  9.48579585E-01
  8.14926596E-01  9.48814611E-01
  8.15920262E-01  9.49049028E-01
  8.16913828E-01  9.49285049E-01
  8.17907296E-01  9.49520460E-01
  8.18900664E-01  9.49757519E-01
  8.19893932E-01  9.49993966E-01
  8.20887102E-01  9.50232108E-01
  8.21880172E-01  9.50469636E-01
  8.22873142E-01  9.50708907E-01
  8.23866014E-01  9.50947561E-01
  8.24858786E-01  9.51188008E-01
  8.25851458E-01  9.51427836E-01
  8.26844032E-01  9.51669508E-01
  8.27836506E-01  9.51910559E-01
  8.28828881E-01  9.52153506E-01
  8.29821157E-01  9.52395830E-01
  8.30813334E-01  9.52640105E-01
  8.31805411E-01  9.52883755E-01
  8.32797389E-01  9.53129412E-01
  8.33789268E-01  9.53374442E-01
  8.34781048E-01  9.53621536E-01
  8.35772729E-01  9.53868003E-01
  8.36764310E-01  9.54116592E-01
  8.37755793E-01  9.54364555E-01
  8.38747176E-01  9.54614699E-01
  8.39738460E-01  9.54864216E-01
  8.40729645E-01  9.55115979E-01
  8.41720730E-01  9.55367114E-01
  8.42711717E-01  9.55620559E-01
  8.43702605E-01  9.55873376E-01
  8.44693393E-01  9.56128571E-01
  8.45684083E-01  9.56383138E-01
  8.46674673E-01  9.56640152E-01
  8.47665164E-01  9.56896539E-01
  8.48655557E-01  9.57155444E-01
  8.49645850E-01  9.57413724E-01
  8.50636044E-01  9.57674595E-01
  8.51626139E-01  9.57934843E-01
  8.52616136E-01  9.58197760E-01
  8.53606033E-01  9.58460055E-01
  8.54595831E-01  9.58725097E-01
  8.55585530E-01  9.58989520E-01
  8.56575131E-01  9.59256773E-01
  8.57564632E-01  9.59523410E-01
  8.58554034E-01  9.59792962E-01
  8.59543338E-01  9.60061901E-01
  8.60532542E-01  9.60333843E-01
  8.61521648E-01  9.60605178E-01
  8.62510655E-01  9.60879606E-01
  8.63499563E-01  9.61153432E-01
  8.64488371E-01  9.61430446E-01
  8.65477082E-01  9.61706863E-01
  8.66465693E-01  9.61986568E-01
  8.67454205E-01  9.62265682E-01
  8.68442619E-01  9.62548186E-01
  8.69430933E-01  9.62830106E-01
  8.70419149E-01  9.63115522E-01
  8.71407266E-01  9.63400363E-01
  8.72395284E-01  9.63688812E-01
  8.73383204E-01  9.63976693E-01
  8.74371024E-01  9.64268297E-01
  8.75358746E-01  9.64559345E-01
  8.76346369E-01  9.64854235E-01
  8.77333893E-01  9.65148581E-01
  8.78321319E-01  9.65446893E-01
  8.79308646E-01  9.65744673E-01
  8.80295874E-01  9.66046550E-01
  8.81283003E-01  9.66347909E-01
  8.82270034E-01  9.66653502E-01
  8.83256966E-01  9.66958590E-01
  8.84243799E-01  9.67268054E-01
  8.85230534E-01  9.67577032E-01
  8.86217170E-01  9.67890532E-01
  8.87203707E-01  9.68203565E-01
  8.88190146E-01  9.68521275E-01
  8.89176486E-01  9.68838538E-01
  8.90162727E-01  9.69160640E-01
  8.91148870E-01  9.69482316E-01
  8.92134914E-01  9.69809001E-01
  8.93120859E-01  9.70135284E-01
  8.94106706E-01  9.70466754E-01
  8.95092455E-01  9.70797848E-01
  8.96078105E-01  9.71134313E-01
  8.97063656E-01  9.71470432E-01
  8.98049108E-01  9.71812117E-01
  8.99034463E-01  9.72153487E-01
  9.00019718E-01  9.72500626E-01
  9.01004875E-01  9.72847485E-01
  9.01989934E-01  9.73200327E-01
  9.02974894E-01  9.73552926E-01
  9.03959756E-01  9.73911731E-01
  9.04944519E-01  9.74270334E-01
  9.05929183E-01  9.74635380E-01
  9.06913750E-01  9.75000267E-01
  9.07898217E-01  9.75371844E-01
  9.08882587E-01  9.75743311E-01
  9.09866857E-01  9.76121726E-01
  9.10851030E-01  9.76500084E-01
  9.11835104E-01  9.76885662E-01
  9.12819079E-01  9.77271240E-01
  9.13802957E-01  9.77664326E-01
  9.14786735E-01  9.78057472E-01
  9.15770416E-01  9.78458427E-01
  9.16753998E-01  9.78859509E-01
  9.17737482E-01  9.79268716E-01
  9.18720867E-01  9.79678122E-01
  9.19704154E-01  9.80095985E-01
  9.20687343E-01  9.80514124E-01
  9.21670433E-01  9.80941070E-01
  9.22653426E-01  9.81368376E-01
  9.23636319E-01  9.81804854E-01
  9.24619115E-01  9.82241782E-01
  9.25601812E-01  9.82688266E-01
  9.26584411E-01  9.83135296E-01
  9.27566912E-01  9.83592284E-01
  9.28549315E-01  9.84049920E-01
  9.29531619E-01  9.84517935E-01
  9.30513825E-01  9.84986706E-01
  9.31495933E-01  9.85466293E-01
  9.32477942E-01  9.85946751E-01
  9.33459854E-01  9.86438481E-01
  9.34441667E-01  9.86931201E-01
  9.35423382E-01  9.87435662E-01
  9.36404999E-01  9.87941238E-01
  9.37386518E-01  9.88459038E-01
  9.38367938E-01  9.88978078E-01
  9.39349261E-01  9.89509836E-01
  9.40330485E-01  9.90042959E-01
  9.41311611E-01  9.90589297E-01
  9.42292639E-01  9.91137120E-01
  9.43273570E-01  9.91698650E-01
  9.44254401E-01  9.92261776E-01
  9.45235135E-01  9.92839088E-01
  9.46215771E-01  9.93418086E-01
  9.47196309E-01  9.94011718E-01
  9.48176748E-01  9.94607097E-01
  9.49157090E-01  9.95217506E-01
  9.50137334E-01  9.95829675E-01
  9.51117479E-01  9.96457188E-01
  9.52097527E-01  9.97086404E-01
  9.53077476E-01  9.97731158E-01
  9.54057328E-01  9.98377453E-01
  9.55037082E-01  9.99039301E-01
  9.56016737E-01  9.99702378E-01
  9.56996295E-01  1.00038077E+00
  9.57975755E-01  1.00105986E+00
  9.58955116E-01  1.00175367E+00
  9.59934380E-01  1.00244735E+00
  9.60913546E-01  1.00315463E+00
  9.61892614E-01  1.00386053E+00
  9.62871584E-01  1.00457824E+00
  9.63850457E-01  1.00529268E+00
  9.64829231E-01  1.00601618E+00
  9.65807907E-01  1.00673370E+00
  9.66786486E-01  1.00745624E+00
  9.67764967E-01  1.00816890E+00
  9.68743350E-01  1.00888086E+00
  9.69721635E-01  1.00957748E+00
  9.70699822E-01  1.01026551E+00
  9.71677911E-01  1.01093072E+00
  9.72655903E-01  1.01157684E+00
  9.73633797E-01  1.01219027E+00
  9.74611593E-01  1.01277133E+00
  9.75589291E-01  1.01330731E+00
  9.76566892E-01  1.01379529E+00
  9.77544394E-01  1.01422396E+00
  9.78521799E-01  1.01458811E+00
  9.79499107E-01  1.01487862E+00
  9.80476316E-01  1.01508977E+00
  9.81453428E-01  1.01521536E+00
  9.82430442E-01  1.01525117E+00
  9.83407359E-01  1.01519445E+00
  9.84384177E-01  1.01504563E+00
  9.85360899E-01  1.01480575E+00
  9.86337522E-01  1.01447464E+00
  9.87314048E-01  1.01405215E+00
  9.88290476E-01  1.01353726E+00
  9.89266806E-01  1.01292976E+00
  9.90243039E-01  1.01222850E+00
  9.91219174E-01  1.01143354E+00
  9.92195212E-01  1.01054402E+00
  9.93171152E-01  1.00956034E+00
  9.94146994E-01  1.00848210E+00
  9.95122739E-01  1.00730990E+00
  9.96098386E-01  1.00604370E+00
  9.97073936E-01  1.00468407E+00
  9.98049388E-01  1.00323114E+00
  9.99024743E-01  1.00168524E+00
  1.00000000E+00  1.00000000E+00
