 ######################################################################
 #Data for Case=          11
 #   ALPHA,             N,       ITERATIONS, VW,          UMAX ,       UAVG,           UTAU1,          UTAU2    
  #  9.99999975E-05    1001      3377  1.28400002E+01  1.59605859E+01  1.42521211E+01  6.67347141E-01  2.22817842E-01
 ######################################################################
 # YPAD(I)/H,     U(I)/VW	
  0.00000000E+00  0.00000000E+00
  9.75257087E-04  1.51616457E-01
  1.95061171E-03  2.77347296E-01
  2.92606386E-03  4.04828697E-01
  3.90161357E-03  4.59586497E-01
  4.87726084E-03  5.28407059E-01
  5.85300568E-03  5.58576018E-01
  6.82884809E-03  5.98069739E-01
  7.80478810E-03  6.18489485E-01
  8.78082571E-03  6.44026961E-01
  9.75696092E-03  6.59235216E-01
  1.07331938E-02  6.77383574E-01
  1.17095242E-02  6.89367817E-01
  1.26859523E-02  7.03169719E-01
  1.36624781E-02  7.12990100E-01
  1.46391015E-02  7.24011235E-01
  1.56158225E-02  7.32296584E-01
  1.65926413E-02  7.41419482E-01
  1.75695577E-02  7.48569093E-01
  1.85465718E-02  7.56329135E-01
  1.95236837E-02  7.62609662E-01
  2.05008932E-02  7.69351266E-01
  2.14782005E-02  7.74948078E-01
  2.24556055E-02  7.80903555E-01
  2.34331083E-02  7.85949869E-01
  2.44107088E-02  7.91282125E-01
  2.53884071E-02  7.95876404E-01
  2.63662031E-02  8.00703431E-01
  2.73440970E-02  8.04920228E-01
  2.83220886E-02  8.09329864E-01
  2.93001780E-02  8.13226826E-01
  3.02783653E-02  8.17286019E-01
  3.12566504E-02  8.20908550E-01
  3.22350333E-02  8.24669382E-01
  3.32135140E-02  8.28053831E-01
  3.41920926E-02  8.31557549E-01
  3.51707691E-02  8.34733445E-01
  3.61495434E-02  8.38013242E-01
  3.71284157E-02  8.41004886E-01
  3.81073858E-02  8.44087855E-01
  3.90864538E-02  8.46915484E-01
  4.00656197E-02  8.49824020E-01
  4.10448836E-02  8.52504669E-01
  4.20242454E-02  8.55257496E-01
  4.30037051E-02  8.57805640E-01
  4.39832628E-02  8.60418577E-01
  4.49629184E-02  8.62846628E-01
  4.59426720E-02  8.65333166E-01
  4.69225236E-02  8.67651847E-01
  4.79024731E-02  8.70023587E-01
  4.88825207E-02  8.72242236E-01
  4.98626663E-02  8.74509235E-01
  5.08429099E-02  8.76636033E-01
  5.18232515E-02  8.78807068E-01
  5.28036912E-02  8.80849227E-01
  5.37842289E-02  8.82932009E-01
  5.47648647E-02  8.84895925E-01
  5.57455986E-02  8.86897268E-01
  5.67264305E-02  8.88788638E-01
  5.77073605E-02  8.90714595E-01
  5.86883886E-02  8.92538521E-01
  5.96695148E-02  8.94394498E-01
  6.06507392E-02  8.96155566E-01
  6.16320616E-02  8.97946411E-01
  6.26134822E-02  8.99648761E-01
  6.35950010E-02  9.01378838E-01
  6.45766179E-02  9.03026221E-01
  6.55583330E-02  9.04699479E-01
  6.65401462E-02  9.06295304E-01
  6.75220576E-02  9.07915324E-01
  6.85040673E-02  9.09462699E-01
  6.94861751E-02  9.11032741E-01
  7.04683812E-02  9.12534511E-01
  7.14506854E-02  9.14057551E-01
  7.24330880E-02  9.15516323E-01
  7.34155887E-02  9.16995087E-01
  7.43981877E-02  9.18413257E-01
  7.53808850E-02  9.19850247E-01
  7.63636806E-02  9.21230025E-01
  7.73465744E-02  9.22627543E-01
  7.83295665E-02  9.23970970E-01
  7.93126570E-02  9.25331140E-01
  8.02958457E-02  9.26640102E-01
  8.12791328E-02  9.27964889E-01
  8.22625182E-02  9.29241138E-01
  8.32460019E-02  9.30532360E-01
  8.42295840E-02  9.31777522E-01
  8.52132645E-02  9.33036867E-01
  8.61970433E-02  9.34252456E-01
  8.71809206E-02  9.35481494E-01
  8.81648962E-02  9.36668921E-01
  8.91489702E-02  9.37869113E-01
  9.01331426E-02  9.39029695E-01
  9.11174135E-02  9.40202406E-01
  9.21017828E-02  9.41337376E-01
  9.30862505E-02  9.42483879E-01
  9.40708167E-02  9.43594389E-01
  9.50554813E-02  9.44715877E-01
  9.60402444E-02  9.45803010E-01
  9.70251060E-02  9.46900599E-01
  9.80100661E-02  9.47965371E-01
  9.89951247E-02  9.49040109E-01
  9.99802818E-02  9.50083473E-01
  1.00965537E-01  9.51136345E-01
  1.01950892E-01  9.52159201E-01
  1.02936344E-01  9.53191133E-01
  1.03921895E-01  9.54194327E-01
  1.04907545E-01  9.55206191E-01
  1.05893294E-01  9.56190522E-01
  1.06879141E-01  9.57183140E-01
  1.07865086E-01  9.58149361E-01
  1.08851130E-01  9.59123509E-01
  1.09837273E-01  9.60072334E-01
  1.10823514E-01  9.61028745E-01
  1.11809854E-01  9.61960848E-01
  1.12796293E-01  9.62900214E-01
  1.13782830E-01  9.63816234E-01
  1.14769466E-01  9.64739212E-01
  1.15756201E-01  9.65639754E-01
  1.16743034E-01  9.66546966E-01
  1.17729966E-01  9.67432604E-01
  1.18716997E-01  9.68324639E-01
  1.19704126E-01  9.69195919E-01
  1.20691354E-01  9.70073336E-01
  1.21678681E-01  9.70930776E-01
  1.22666107E-01  9.71794108E-01
  1.23653631E-01  9.72638200E-01
  1.24641254E-01  9.73487951E-01
  1.25628976E-01  9.74319166E-01
  1.26616796E-01  9.75155816E-01
  1.27604716E-01  9.75974600E-01
  1.28592734E-01  9.76798607E-01
  1.29580851E-01  9.77605386E-01
  1.30569067E-01  9.78417187E-01
  1.31557381E-01  9.79212367E-01
  1.32545795E-01  9.80012377E-01
  1.33534307E-01  9.80796346E-01
  1.34522918E-01  9.81584962E-01
  1.35511629E-01  9.82358091E-01
  1.36500437E-01  9.83135691E-01
  1.37489345E-01  9.83898333E-01
  1.38478352E-01  9.84665280E-01
  1.39467458E-01  9.85417774E-01
  1.40456662E-01  9.86174413E-01
  1.41445966E-01  9.86917083E-01
  1.42435368E-01  9.87663745E-01
  1.43424869E-01  9.88396901E-01
  1.44414470E-01  9.89133904E-01
  1.45404169E-01  9.89857842E-01
  1.46393967E-01  9.90585488E-01
  1.47383864E-01  9.91300495E-01
  1.48373861E-01  9.92019075E-01
  1.49363956E-01  9.92725422E-01
  1.50354150E-01  9.93435215E-01
  1.51344443E-01  9.94133165E-01
  1.52334836E-01  9.94834438E-01
  1.53325327E-01  9.95524243E-01
  1.54315917E-01  9.96217253E-01
  1.55306607E-01  9.96899154E-01
  1.56297395E-01  9.97584147E-01
  1.57288283E-01  9.98258377E-01
  1.58279270E-01  9.98935589E-01
  1.59270355E-01  9.99602370E-01
  1.60261540E-01  1.00027203E+00
  1.61252824E-01  1.00093158E+00
  1.62244207E-01  1.00159390E+00
  1.63235690E-01  1.00224642E+00
  1.64227271E-01  1.00290163E+00
  1.65218952E-01  1.00354732E+00
  1.66210732E-01  1.00419560E+00
  1.67202611E-01  1.00483466E+00
  1.68194589E-01  1.00547621E+00
  1.69186666E-01  1.00610882E+00
  1.70178843E-01  1.00674384E+00
  1.71171119E-01  1.00737017E+00
  1.72163494E-01  1.00799883E+00
  1.73155968E-01  1.00861906E+00
  1.74148542E-01  1.00924154E+00
  1.75141214E-01  1.00985583E+00
  1.76133986E-01  1.01047229E+00
  1.77126858E-01  1.01108081E+00
  1.78119828E-01  1.01169142E+00
  1.79112898E-01  1.01229431E+00
  1.80106068E-01  1.01289923E+00
  1.81099336E-01  1.01349665E+00
  1.82092704E-01  1.01409602E+00
  1.83086172E-01  1.01468811E+00
  1.84079738E-01  1.01528209E+00
  1.85073404E-01  1.01586899E+00
  1.86067169E-01  1.01645771E+00
  1.87061034E-01  1.01703955E+00
  1.88054998E-01  1.01762315E+00
  1.89049062E-01  1.01820007E+00
  1.90043225E-01  1.01877868E+00
  1.91037487E-01  1.01935079E+00
  1.92031849E-01  1.01992455E+00
  1.93026310E-01  1.02049198E+00
  1.94020871E-01  1.02106100E+00
  1.95015531E-01  1.02162387E+00
  1.96010291E-01  1.02218828E+00
  1.97005150E-01  1.02274670E+00
  1.98000108E-01  1.02330660E+00
  1.98995166E-01  1.02386069E+00
  1.99990324E-01  1.02441620E+00
  2.00985581E-01  1.02496606E+00
  2.01980938E-01  1.02551729E+00
  2.02976394E-01  1.02606302E+00
  2.03971950E-01  1.02661008E+00
  2.04967605E-01  1.02715178E+00
  2.05963360E-01  1.02769477E+00
  2.06959214E-01  1.02823254E+00
  2.07955168E-01  1.02877155E+00
  2.08951222E-01  1.02930549E+00
  2.09947375E-01  1.02984062E+00
  2.10943628E-01  1.03037081E+00
  2.11939981E-01  1.03090216E+00
  2.12936433E-01  1.03142870E+00
  2.13932985E-01  1.03195635E+00
  2.14929636E-01  1.03247932E+00
  2.15926387E-01  1.03300336E+00
  2.16923238E-01  1.03352284E+00
  2.17920188E-01  1.03404336E+00
  2.18917239E-01  1.03455944E+00
  2.19914389E-01  1.03507652E+00
  2.20911638E-01  1.03558928E+00
  2.21908988E-01  1.03610300E+00
  2.22906437E-01  1.03661250E+00
  2.23903985E-01  1.03712294E+00
  2.24901634E-01  1.03762927E+00
  2.25899382E-01  1.03813649E+00
  2.26897231E-01  1.03863973E+00
  2.27895179E-01  1.03914382E+00
  2.28893226E-01  1.03964402E+00
  2.29891374E-01  1.04014504E+00
  2.30889621E-01  1.04064228E+00
  2.31887968E-01  1.04114031E+00
  2.32886415E-01  1.04163465E+00
  2.33884962E-01  1.04212975E+00
  2.34883609E-01  1.04262126E+00
  2.35882356E-01  1.04311350E+00
  2.36881202E-01  1.04360224E+00
  2.37880149E-01  1.04409168E+00
  2.38879195E-01  1.04457771E+00
  2.39878341E-01  1.04506441E+00
  2.40877587E-01  1.04554779E+00
  2.41876933E-01  1.04603182E+00
  2.42876379E-01  1.04651261E+00
  2.43875925E-01  1.04699402E+00
  2.44875571E-01  1.04747227E+00
  2.45875317E-01  1.04795111E+00
  2.46875163E-01  1.04842689E+00
  2.47875109E-01  1.04890322E+00
  2.48875155E-01  1.04937657E+00
  2.49875300E-01  1.04985045E+00
  2.50875546E-01  1.05032142E+00
  2.51875892E-01  1.05079291E+00
  2.52876338E-01  1.05126155E+00
  2.53876884E-01  1.05173068E+00
  2.54877530E-01  1.05219705E+00
  2.55878276E-01  1.05266389E+00
  2.56879122E-01  1.05312802E+00
  2.57880069E-01  1.05359261E+00
  2.58881115E-01  1.05405456E+00
  2.59882262E-01  1.05451694E+00
  2.60883508E-01  1.05497675E+00
  2.61884855E-01  1.05543697E+00
  2.62886302E-01  1.05589469E+00
  2.63887849E-01  1.05635280E+00
  2.64889496E-01  1.05680847E+00
  2.65891243E-01  1.05726450E+00
  2.66893091E-01  1.05771817E+00
  2.67895039E-01  1.05817217E+00
  2.68897087E-01  1.05862386E+00
  2.69899235E-01  1.05907588E+00
  2.70901483E-01  1.05952565E+00
  2.71903832E-01  1.05997572E+00
  2.72906280E-01  1.06042359E+00
  2.73908830E-01  1.06087175E+00
  2.74911479E-01  1.06131777E+00
  2.75914229E-01  1.06176406E+00
  2.76917078E-01  1.06220827E+00
  2.77920029E-01  1.06265273E+00
  2.78923079E-01  1.06309515E+00
  2.79926230E-01  1.06353781E+00
  2.80929481E-01  1.06397849E+00
  2.81932832E-01  1.06441938E+00
  2.82936284E-01  1.06485835E+00
  2.83939836E-01  1.06529752E+00
  2.84943489E-01  1.06573480E+00
  2.85947242E-01  1.06617228E+00
  2.86951095E-01  1.06660791E+00
  2.87955049E-01  1.06704372E+00
  2.88959103E-01  1.06747775E+00
  2.89963257E-01  1.06791192E+00
  2.90967512E-01  1.06834436E+00
  2.91971867E-01  1.06877694E+00
  2.92976323E-01  1.06920782E+00
  2.93980879E-01  1.06963883E+00
  2.94985536E-01  1.07006818E+00
  2.95990293E-01  1.07049764E+00
  2.96995150E-01  1.07092550E+00
  2.98000109E-01  1.07135345E+00
  2.99005167E-01  1.07177983E+00
  3.00010326E-01  1.07220630E+00
  3.01015586E-01  1.07263123E+00
  3.02020946E-01  1.07305624E+00
  3.03026407E-01  1.07347976E+00
  3.04031968E-01  1.07390333E+00
  3.05037630E-01  1.07432545E+00
  3.06043392E-01  1.07474762E+00
  3.07049255E-01  1.07516837E+00
  3.08055219E-01  1.07558916E+00
  3.09061283E-01  1.07600856E+00
  3.10067447E-01  1.07642799E+00
  3.11073713E-01  1.07684607E+00
  3.12080079E-01  1.07726416E+00
  3.13086546E-01  1.07768094E+00
  3.14093113E-01  1.07809772E+00
  3.15099781E-01  1.07851322E+00
  3.16106549E-01  1.07892871E+00
  3.17113419E-01  1.07934296E+00
  3.18120389E-01  1.07975718E+00
  3.19127460E-01  1.08017019E+00
  3.20134631E-01  1.08058316E+00
  3.21141903E-01  1.08099495E+00
  3.22149276E-01  1.08140670E+00
  3.23156750E-01  1.08181729E+00
  3.24164324E-01  1.08222783E+00
  3.25171999E-01  1.08263725E+00
  3.26179775E-01  1.08304660E+00
  3.27187652E-01  1.08345486E+00
  3.28195629E-01  1.08386304E+00
  3.29203707E-01  1.08427016E+00
  3.30211887E-01  1.08467719E+00
  3.31220167E-01  1.08508318E+00
  3.32228547E-01  1.08548908E+00
  3.33237029E-01  1.08589396E+00
  3.34245611E-01  1.08629874E+00
  3.35254295E-01  1.08670253E+00
  3.36263079E-01  1.08710622E+00
  3.37271964E-01  1.08750893E+00
  3.38280950E-01  1.08791153E+00
  3.39290037E-01  1.08831319E+00
  3.40299225E-01  1.08871472E+00
  3.41308513E-01  1.08911533E+00
  3.42317903E-01  1.08951581E+00
  3.43327394E-01  1.08991539E+00
  3.44336985E-01  1.09031482E+00
  3.45346678E-01  1.09071339E+00
  3.46356471E-01  1.09111180E+00
  3.47366365E-01  1.09150936E+00
  3.48376361E-01  1.09190677E+00
  3.49386457E-01  1.09230334E+00
  3.50396655E-01  1.09269975E+00
  3.51406953E-01  1.09309534E+00
  3.52417353E-01  1.09349076E+00
  3.53427854E-01  1.09388539E+00
  3.54438455E-01  1.09427984E+00
  3.55449158E-01  1.09467352E+00
  3.56459962E-01  1.09506701E+00
  3.57470867E-01  1.09545975E+00
  3.58481872E-01  1.09585229E+00
  3.59492980E-01  1.09624409E+00
  3.60504188E-01  1.09663570E+00
  3.61515497E-01  1.09702658E+00
  3.62526907E-01  1.09741726E+00
  3.63538419E-01  1.09780723E+00
  3.64550032E-01  1.09819699E+00
  3.65561746E-01  1.09858607E+00
  3.66573561E-01  1.09897492E+00
  3.67585477E-01  1.09936311E+00
  3.68597495E-01  1.09975107E+00
  3.69609613E-01  1.10013837E+00
  3.70621833E-01  1.10052544E+00
  3.71634154E-01  1.10091187E+00
  3.72646577E-01  1.10129807E+00
  3.73659100E-01  1.10168363E+00
  3.74671725E-01  1.10206895E+00
  3.75684451E-01  1.10245366E+00
  3.76697279E-01  1.10283812E+00
  3.77710207E-01  1.10322198E+00
  3.78723237E-01  1.10360559E+00
  3.79736369E-01  1.10398861E+00
  3.80749601E-01  1.10437137E+00
  3.81762935E-01  1.10475356E+00
  3.82776370E-01  1.10513548E+00
  3.83789907E-01  1.10551684E+00
  3.84803545E-01  1.10589793E+00
  3.85817284E-01  1.10627846E+00
  3.86831125E-01  1.10665873E+00
  3.87845067E-01  1.10703845E+00
  3.88859111E-01  1.10741790E+00
  3.89873256E-01  1.10779681E+00
  3.90887502E-01  1.10817544E+00
  3.91901850E-01  1.10855355E+00
  3.92916299E-01  1.10893137E+00
  3.93930850E-01  1.10930868E+00
  3.94945502E-01  1.10968570E+00
  3.95960256E-01  1.11006222E+00
  3.96975111E-01  1.11043844E+00
  3.97990067E-01  1.11081417E+00
  3.99005125E-01  1.11118960E+00
  4.00020285E-01  1.11156454E+00
  4.01035546E-01  1.11193918E+00
  4.02050909E-01  1.11231334E+00
  4.03066373E-01  1.11268720E+00
  4.04081939E-01  1.11306058E+00
  4.05097606E-01  1.11343366E+00
  4.06113375E-01  1.11380627E+00
  4.07129245E-01  1.11417857E+00
  4.08145217E-01  1.11455041E+00
  4.09161291E-01  1.11492194E+00
  4.10177466E-01  1.11529301E+00
  4.11193743E-01  1.11566377E+00
  4.12210122E-01  1.11603408E+00
  4.13226602E-01  1.11640407E+00
  4.14243184E-01  1.11677362E+00
  4.15259867E-01  1.11714284E+00
  4.16276652E-01  1.11751163E+00
  4.17293539E-01  1.11788009E+00
  4.18310528E-01  1.11824813E+00
  4.19327618E-01  1.11861583E+00
  4.20344810E-01  1.11898310E+00
  4.21362103E-01  1.11935005E+00
  4.22379499E-01  1.11971657E+00
  4.23396996E-01  1.12008276E+00
  4.24414595E-01  1.12044853E+00
  4.25432296E-01  1.12081397E+00
  4.26450098E-01  1.12117898E+00
  4.27468002E-01  1.12154367E+00
  4.28486008E-01  1.12190793E+00
  4.29504116E-01  1.12227186E+00
  4.30522326E-01  1.12263538E+00
  4.31540637E-01  1.12299856E+00
  4.32559051E-01  1.12336133E+00
  4.33577566E-01  1.12372376E+00
  4.34596183E-01  1.12408579E+00
  4.35614902E-01  1.12444746E+00
  4.36633722E-01  1.12480874E+00
  4.37652645E-01  1.12516967E+00
  4.38671670E-01  1.12553020E+00
  4.39690796E-01  1.12589037E+00
  4.40710024E-01  1.12625016E+00
  4.41729355E-01  1.12660958E+00
  4.42748787E-01  1.12696862E+00
  4.43768321E-01  1.12732730E+00
  4.44787957E-01  1.12768559E+00
  4.45807695E-01  1.12804351E+00
  4.46827535E-01  1.12840105E+00
  4.47847477E-01  1.12875823E+00
  4.48867522E-01  1.12911502E+00
  4.49887668E-01  1.12947145E+00
  4.50907916E-01  1.12982749E+00
  4.51928266E-01  1.13018317E+00
  4.52948718E-01  1.13053845E+00
  4.53969272E-01  1.13089338E+00
  4.54989929E-01  1.13124792E+00
  4.56010687E-01  1.13160209E+00
  4.57031547E-01  1.13195587E+00
  4.58052510E-01  1.13230929E+00
  4.59073574E-01  1.13266232E+00
  4.60094741E-01  1.13301498E+00
  4.61116010E-01  1.13336725E+00
  4.62137381E-01  1.13371915E+00
  4.63158854E-01  1.13407067E+00
  4.64180429E-01  1.13442181E+00
  4.65202107E-01  1.13477257E+00
  4.66223887E-01  1.13512296E+00
  4.67245768E-01  1.13547295E+00
  4.68267752E-01  1.13582258E+00
  4.69289839E-01  1.13617181E+00
  4.70312027E-01  1.13652067E+00
  4.71334318E-01  1.13686914E+00
  4.72356710E-01  1.13721723E+00
  4.73379206E-01  1.13756494E+00
  4.74401803E-01  1.13791226E+00
  4.75424503E-01  1.13825919E+00
  4.76447305E-01  1.13860575E+00
  4.77470209E-01  1.13895191E+00
  4.78493215E-01  1.13929769E+00
  4.79516324E-01  1.13964309E+00
  4.80539535E-01  1.13998809E+00
  4.81562849E-01  1.14033271E+00
  4.82586264E-01  1.14067694E+00
  4.83609782E-01  1.14102078E+00
  4.84633403E-01  1.14136423E+00
  4.85657126E-01  1.14170729E+00
  4.86680951E-01  1.14204996E+00
  4.87704879E-01  1.14239224E+00
  4.88728909E-01  1.14273413E+00
  4.89753041E-01  1.14307562E+00
  4.90777276E-01  1.14341672E+00
  4.91801613E-01  1.14375742E+00
  4.92826053E-01  1.14409773E+00
  4.93850595E-01  1.14443765E+00
  4.94875240E-01  1.14477716E+00
  4.95899987E-01  1.14511629E+00
  4.96924836E-01  1.14545501E+00
  4.97949788E-01  1.14579334E+00
  4.98974843E-01  1.14613126E+00
  5.00000000E-01  1.14646879E+00
  5.01025157E-01  1.14680588E+00
  5.02050212E-01  1.14714251E+00
  5.03075164E-01  1.14747867E+00
  5.04100013E-01  1.14781436E+00
  5.05124760E-01  1.14814957E+00
  5.06149405E-01  1.14848432E+00
  5.07173947E-01  1.14881860E+00
  5.08198387E-01  1.14915241E+00
  5.09222724E-01  1.14948575E+00
  5.10246959E-01  1.14981861E+00
  5.11271091E-01  1.15015101E+00
  5.12295121E-01  1.15048293E+00
  5.13319049E-01  1.15081438E+00
  5.14342874E-01  1.15114535E+00
  5.15366597E-01  1.15147585E+00
  5.16390218E-01  1.15180588E+00
  5.17413736E-01  1.15213543E+00
  5.18437151E-01  1.15246451E+00
  5.19460465E-01  1.15279312E+00
  5.20483676E-01  1.15312124E+00
  5.21506785E-01  1.15344889E+00
  5.22529791E-01  1.15377607E+00
  5.23552695E-01  1.15410277E+00
  5.24575497E-01  1.15442899E+00
  5.25598197E-01  1.15475473E+00
  5.26620794E-01  1.15508000E+00
  5.27643290E-01  1.15540478E+00
  5.28665682E-01  1.15572909E+00
  5.29687973E-01  1.15605292E+00
  5.30710161E-01  1.15637627E+00
  5.31732248E-01  1.15669913E+00
  5.32754232E-01  1.15702152E+00
  5.33776113E-01  1.15734343E+00
  5.34797893E-01  1.15766486E+00
  5.35819571E-01  1.15798580E+00
  5.36841146E-01  1.15830627E+00
  5.37862619E-01  1.15862625E+00
  5.38883990E-01  1.15894575E+00
  5.39905259E-01  1.15926476E+00
  5.40926426E-01  1.15958330E+00
  5.41947490E-01  1.15990135E+00
  5.42968453E-01  1.16021892E+00
  5.43989313E-01  1.16053600E+00
  5.45010071E-01  1.16085260E+00
  5.46030728E-01  1.16116871E+00
  5.47051282E-01  1.16148434E+00
  5.48071734E-01  1.16179948E+00
  5.49092084E-01  1.16211415E+00
  5.50112332E-01  1.16242832E+00
  5.51132478E-01  1.16274201E+00
  5.52152523E-01  1.16305521E+00
  5.53172465E-01  1.16336793E+00
  5.54192305E-01  1.16368015E+00
  5.55212043E-01  1.16399190E+00
  5.56231679E-01  1.16430315E+00
  5.57251213E-01  1.16461393E+00
  5.58270645E-01  1.16492421E+00
  5.59289976E-01  1.16523401E+00
  5.60309204E-01  1.16554331E+00
  5.61328330E-01  1.16585214E+00
  5.62347355E-01  1.16616047E+00
  5.63366278E-01  1.16646832E+00
  5.64385098E-01  1.16677567E+00
  5.65403817E-01  1.16708255E+00
  5.66422434E-01  1.16738892E+00
  5.67440949E-01  1.16769483E+00
  5.68459363E-01  1.16800022E+00
  5.69477674E-01  1.16830515E+00
  5.70495884E-01  1.16860957E+00
  5.71513992E-01  1.16891352E+00
  5.72531998E-01  1.16921696E+00
  5.73549902E-01  1.16951994E+00
  5.74567704E-01  1.16982240E+00
  5.75585405E-01  1.17012441E+00
  5.76603004E-01  1.17042589E+00
  5.77620501E-01  1.17072692E+00
  5.78637897E-01  1.17102743E+00
  5.79655190E-01  1.17132748E+00
  5.80672382E-01  1.17162701E+00
  5.81689472E-01  1.17192609E+00
  5.82706461E-01  1.17222464E+00
  5.83723348E-01  1.17252274E+00
  5.84740133E-01  1.17282032E+00
  5.85756816E-01  1.17311745E+00
  5.86773398E-01  1.17341405E+00
  5.87789878E-01  1.17371020E+00
  5.88806257E-01  1.17400582E+00
  5.89822534E-01  1.17430101E+00
  5.90838709E-01  1.17459566E+00
  5.91854783E-01  1.17488987E+00
  5.92870755E-01  1.17518354E+00
  5.93886625E-01  1.17547678E+00
  5.94902394E-01  1.17576948E+00
  5.95918061E-01  1.17606175E+00
  5.96933627E-01  1.17635348E+00
  5.97949091E-01  1.17664478E+00
  5.98964454E-01  1.17693553E+00
  5.99979715E-01  1.17722587E+00
  6.00994875E-01  1.17751565E+00
  6.02009933E-01  1.17780502E+00
  6.03024889E-01  1.17809383E+00
  6.04039744E-01  1.17838224E+00
  6.05054498E-01  1.17867008E+00
  6.06069150E-01  1.17895752E+00
  6.07083701E-01  1.17924440E+00
  6.08098150E-01  1.17953088E+00
  6.09112498E-01  1.17981679E+00
  6.10126744E-01  1.18010231E+00
  6.11140889E-01  1.18038725E+00
  6.12154933E-01  1.18067181E+00
  6.13168875E-01  1.18095580E+00
  6.14182716E-01  1.18123940E+00
  6.15196455E-01  1.18152243E+00
  6.16210093E-01  1.18180508E+00
  6.17223630E-01  1.18208714E+00
  6.18237065E-01  1.18236884E+00
  6.19250399E-01  1.18264994E+00
  6.20263631E-01  1.18293069E+00
  6.21276763E-01  1.18321084E+00
  6.22289793E-01  1.18349064E+00
  6.23302721E-01  1.18376984E+00
  6.24315549E-01  1.18404869E+00
  6.25328275E-01  1.18432694E+00
  6.26340900E-01  1.18460485E+00
  6.27353423E-01  1.18488215E+00
  6.28365846E-01  1.18515911E+00
  6.29378167E-01  1.18543547E+00
  6.30390387E-01  1.18571149E+00
  6.31402505E-01  1.18598690E+00
  6.32414523E-01  1.18626200E+00
  6.33426439E-01  1.18653647E+00
  6.34438254E-01  1.18681062E+00
  6.35449968E-01  1.18708416E+00
  6.36461581E-01  1.18735738E+00
  6.37473093E-01  1.18762998E+00
  6.38484503E-01  1.18790228E+00
  6.39495812E-01  1.18817394E+00
  6.40507020E-01  1.18844532E+00
  6.41518128E-01  1.18871605E+00
  6.42529133E-01  1.18898650E+00
  6.43540038E-01  1.18925631E+00
  6.44550842E-01  1.18952584E+00
  6.45561545E-01  1.18979472E+00
  6.46572146E-01  1.19006334E+00
  6.47582647E-01  1.19033130E+00
  6.48593047E-01  1.19059901E+00
  6.49603345E-01  1.19086605E+00
  6.50613543E-01  1.19113285E+00
  6.51623639E-01  1.19139898E+00
  6.52633635E-01  1.19166488E+00
  6.53643529E-01  1.19193009E+00
  6.54653322E-01  1.19219508E+00
  6.55663015E-01  1.19245939E+00
  6.56672606E-01  1.19272349E+00
  6.57682097E-01  1.19298689E+00
  6.58691487E-01  1.19325009E+00
  6.59700775E-01  1.19351259E+00
  6.60709963E-01  1.19377490E+00
  6.61719050E-01  1.19403651E+00
  6.62728036E-01  1.19429793E+00
  6.63736921E-01  1.19455864E+00
  6.64745705E-01  1.19481918E+00
  6.65754389E-01  1.19507900E+00
  6.66762971E-01  1.19533866E+00
  6.67771453E-01  1.19559759E+00
  6.68779833E-01  1.19585638E+00
  6.69788113E-01  1.19611443E+00
  6.70796293E-01  1.19637234E+00
  6.71804371E-01  1.19662951E+00
  6.72812348E-01  1.19688656E+00
  6.73820225E-01  1.19714286E+00
  6.74828001E-01  1.19739904E+00
  6.75835676E-01  1.19765446E+00
  6.76843250E-01  1.19790978E+00
  6.77850724E-01  1.19816434E+00
  6.78858097E-01  1.19841881E+00
  6.79865369E-01  1.19867251E+00
  6.80872540E-01  1.19892612E+00
  6.81879611E-01  1.19917896E+00
  6.82886581E-01  1.19943173E+00
  6.83893451E-01  1.19968371E+00
  6.84900219E-01  1.19993563E+00
  6.85906887E-01  1.20018676E+00
  6.86913454E-01  1.20043785E+00
  6.87919921E-01  1.20068813E+00
  6.88926287E-01  1.20093839E+00
  6.89932553E-01  1.20118783E+00
  6.90938717E-01  1.20143725E+00
  6.91944781E-01  1.20168585E+00
  6.92950745E-01  1.20193445E+00
  6.93956608E-01  1.20218222E+00
  6.94962370E-01  1.20242999E+00
  6.95968032E-01  1.20267693E+00
  6.96973593E-01  1.20292389E+00
  6.97979054E-01  1.20317000E+00
  6.98984414E-01  1.20341615E+00
  6.99989674E-01  1.20366143E+00
  7.00994833E-01  1.20390677E+00
  7.01999891E-01  1.20415124E+00
  7.03004850E-01  1.20439578E+00
  7.04009707E-01  1.20463943E+00
  7.05014464E-01  1.20488317E+00
  7.06019121E-01  1.20512602E+00
  7.07023677E-01  1.20536896E+00
  7.08028133E-01  1.20561100E+00
  7.09032488E-01  1.20585315E+00
  7.10036743E-01  1.20609439E+00
  7.11040897E-01  1.20633575E+00
  7.12044951E-01  1.20657619E+00
  7.13048905E-01  1.20681677E+00
  7.14052758E-01  1.20705642E+00
  7.15056511E-01  1.20729622E+00
  7.16060164E-01  1.20753508E+00
  7.17063716E-01  1.20777411E+00
  7.18067168E-01  1.20801218E+00
  7.19070519E-01  1.20825044E+00
  7.20073770E-01  1.20848774E+00
  7.21076921E-01  1.20872523E+00
  7.22079971E-01  1.20896174E+00
  7.23082922E-01  1.20919847E+00
  7.24085771E-01  1.20943422E+00
  7.25088521E-01  1.20967019E+00
  7.26091170E-01  1.20990516E+00
  7.27093720E-01  1.21014038E+00
  7.28096168E-01  1.21037459E+00
  7.29098517E-01  1.21060905E+00
  7.30100765E-01  1.21084250E+00
  7.31102913E-01  1.21107622E+00
  7.32104961E-01  1.21130890E+00
  7.33106909E-01  1.21154188E+00
  7.34108757E-01  1.21177381E+00
  7.35110504E-01  1.21200605E+00
  7.36112151E-01  1.21223723E+00
  7.37113698E-01  1.21246873E+00
  7.38115145E-01  1.21269916E+00
  7.39116492E-01  1.21292993E+00
  7.40117738E-01  1.21315962E+00
  7.41118885E-01  1.21338966E+00
  7.42119931E-01  1.21361860E+00
  7.43120878E-01  1.21384791E+00
  7.44121724E-01  1.21407611E+00
  7.45122470E-01  1.21430471E+00
  7.46123116E-01  1.21453217E+00
  7.47123662E-01  1.21476004E+00
  7.48124108E-01  1.21498676E+00
  7.49124454E-01  1.21521392E+00
  7.50124700E-01  1.21543991E+00
  7.51124845E-01  1.21566635E+00
  7.52124891E-01  1.21589161E+00
  7.53124837E-01  1.21611734E+00
  7.54124683E-01  1.21634187E+00
  7.55124429E-01  1.21656689E+00
  7.56124075E-01  1.21679070E+00
  7.57123621E-01  1.21701500E+00
  7.58123067E-01  1.21723808E+00
  7.59122413E-01  1.21746168E+00
  7.60121659E-01  1.21768404E+00
  7.61120805E-01  1.21790693E+00
  7.62119851E-01  1.21812856E+00
  7.63118798E-01  1.21835075E+00
  7.64117644E-01  1.21857166E+00
  7.65116391E-01  1.21879315E+00
  7.66115038E-01  1.21901333E+00
  7.67113585E-01  1.21923411E+00
  7.68112032E-01  1.21945358E+00
  7.69110379E-01  1.21967366E+00
  7.70108626E-01  1.21989240E+00
  7.71106774E-01  1.22011177E+00
  7.72104821E-01  1.22032979E+00
  7.73102769E-01  1.22054846E+00
  7.74100618E-01  1.22076575E+00
  7.75098366E-01  1.22098372E+00
  7.76096015E-01  1.22120029E+00
  7.77093563E-01  1.22141755E+00
  7.78091012E-01  1.22163339E+00
  7.79088362E-01  1.22184994E+00
  7.80085611E-01  1.22206505E+00
  7.81082761E-01  1.22228089E+00
  7.82079812E-01  1.22249527E+00
  7.83076762E-01  1.22271040E+00
  7.84073613E-01  1.22292404E+00
  7.85070364E-01  1.22313845E+00
  7.86067015E-01  1.22335136E+00
  7.87063567E-01  1.22356505E+00
  7.88060019E-01  1.22377721E+00
  7.89056372E-01  1.22399017E+00
  7.90052625E-01  1.22420159E+00
  7.91048778E-01  1.22441382E+00
  7.92044832E-01  1.22462448E+00
  7.93040786E-01  1.22483598E+00
  7.94036640E-01  1.22504588E+00
  7.95032395E-01  1.22525664E+00
  7.96028050E-01  1.22546577E+00
  7.97023606E-01  1.22567578E+00
  7.98019062E-01  1.22588413E+00
  7.99014419E-01  1.22609338E+00
  8.00009676E-01  1.22630095E+00
  8.01004834E-01  1.22650944E+00
  8.01999892E-01  1.22671622E+00
  8.02994850E-01  1.22692392E+00
  8.03989709E-01  1.22712989E+00
  8.04984469E-01  1.22733681E+00
  8.05979129E-01  1.22754197E+00
  8.06973690E-01  1.22774809E+00
  8.07968151E-01  1.22795241E+00
  8.08962513E-01  1.22815772E+00
  8.09956775E-01  1.22836120E+00
  8.10950938E-01  1.22856568E+00
  8.11945002E-01  1.22876830E+00
  8.12938966E-01  1.22897193E+00
  8.13932831E-01  1.22917368E+00
  8.14926596E-01  1.22937645E+00
  8.15920262E-01  1.22957731E+00
  8.16913828E-01  1.22977920E+00
  8.17907296E-01  1.22997914E+00
  8.18900664E-01  1.23018013E+00
  8.19893932E-01  1.23037913E+00
  8.20887102E-01  1.23057919E+00
  8.21880172E-01  1.23077724E+00
  8.22873142E-01  1.23097635E+00
  8.23866014E-01  1.23117341E+00
  8.24858786E-01  1.23137155E+00
  8.25851458E-01  1.23156760E+00
  8.26844032E-01  1.23176473E+00
  8.27836506E-01  1.23195973E+00
  8.28828881E-01  1.23215583E+00
  8.29821157E-01  1.23234975E+00
  8.30813334E-01  1.23254478E+00
  8.31805411E-01  1.23273759E+00
  8.32797389E-01  1.23293151E+00
  8.33789268E-01  1.23312317E+00
  8.34781048E-01  1.23331594E+00
  8.35772729E-01  1.23350641E+00
  8.36764310E-01  1.23369798E+00
  8.37755793E-01  1.23388721E+00
  8.38747176E-01  1.23407755E+00
  8.39738460E-01  1.23426548E+00
  8.40729645E-01  1.23445452E+00
  8.41720730E-01  1.23464112E+00
  8.42711717E-01  1.23482881E+00
  8.43702605E-01  1.23501400E+00
  8.44693393E-01  1.23520028E+00
  8.45684083E-01  1.23538400E+00
  8.46674673E-01  1.23556880E+00
  8.47665164E-01  1.23575098E+00
  8.48655557E-01  1.23593423E+00
  8.49645850E-01  1.23611480E+00
  8.50636044E-01  1.23629640E+00
  8.51626139E-01  1.23647528E+00
  8.52616136E-01  1.23665516E+00
  8.53606033E-01  1.23683224E+00
  8.54595831E-01  1.23701031E+00
  8.55585530E-01  1.23718550E+00
  8.56575131E-01  1.23736163E+00
  8.57564632E-01  1.23753483E+00
  8.58554034E-01  1.23770891E+00
  8.59543338E-01  1.23787998E+00
  8.60532542E-01  1.23805189E+00
  8.61521648E-01  1.23822071E+00
  8.62510655E-01  1.23839030E+00
  8.63499563E-01  1.23855671E+00
  8.64488371E-01  1.23872382E+00
  8.65477082E-01  1.23888766E+00
  8.66465693E-01  1.23905212E+00
  8.67454205E-01  1.23921320E+00
  8.68442619E-01  1.23937481E+00
  8.69430933E-01  1.23953293E+00
  8.70419149E-01  1.23969147E+00
  8.71407266E-01  1.23984640E+00
  8.72395284E-01  1.24000162E+00
  8.73383204E-01  1.24015310E+00
  8.74371024E-01  1.24030471E+00
  8.75358746E-01  1.24045245E+00
  8.76346369E-01  1.24060014E+00
  8.77333893E-01  1.24074380E+00
  8.78321319E-01  1.24088720E+00
  8.79308646E-01  1.24102639E+00
  8.80295874E-01  1.24116508E+00
  8.81283003E-01  1.24129935E+00
  8.82270034E-01  1.24143283E+00
  8.83256966E-01  1.24156165E+00
  8.84243799E-01  1.24168933E+00
  8.85230534E-01  1.24181208E+00
  8.86217170E-01  1.24193327E+00
  8.87203707E-01  1.24204918E+00
  8.88190146E-01  1.24216300E+00
  8.89176486E-01  1.24227113E+00
  8.90162727E-01  1.24237651E+00
  8.91148870E-01  1.24247563E+00
  8.92134914E-01  1.24257113E+00
  8.93120859E-01  1.24265963E+00
  8.94106706E-01  1.24274328E+00
  8.95092455E-01  1.24281879E+00
  8.96078105E-01  1.24288758E+00
  8.97063656E-01  1.24294622E+00
  8.98049108E-01  1.24299460E+00
  8.99034463E-01  1.24302767E+00
  9.00019718E-01  1.24303627E+00
  9.01004875E-01  1.24299890E+00
  9.01989934E-01  1.24294781E+00
  9.02974894E-01  1.24288419E+00
  9.03959756E-01  1.24280879E+00
  9.04944519E-01  1.24272445E+00
  9.05929183E-01  1.24262933E+00
  9.06913750E-01  1.24252683E+00
  9.07898217E-01  1.24241397E+00
  9.08882587E-01  1.24229468E+00
  9.09866857E-01  1.24216511E+00
  9.10851030E-01  1.24202977E+00
  9.11835104E-01  1.24188402E+00
  9.12819079E-01  1.24173300E+00
  9.13802957E-01  1.24157131E+00
  9.14786735E-01  1.24140474E+00
  9.15770416E-01  1.24122712E+00
  9.16753998E-01  1.24104495E+00
  9.17737482E-01  1.24085124E+00
  9.18720867E-01  1.24065325E+00
  9.19704154E-01  1.24044317E+00
  9.20687343E-01  1.24022901E+00
  9.21670433E-01  1.24000214E+00
  9.22653426E-01  1.23977137E+00
  9.23636319E-01  1.23952716E+00
  9.24619115E-01  1.23927919E+00
  9.25601812E-01  1.23901699E+00
  9.26584411E-01  1.23875113E+00
  9.27566912E-01  1.23847015E+00
  9.28549315E-01  1.23818560E+00
  9.29531619E-01  1.23788493E+00
  9.30513825E-01  1.23758075E+00
  9.31495933E-01  1.23725935E+00
  9.32477942E-01  1.23693445E+00
  9.33459854E-01  1.23659112E+00
  9.34441667E-01  1.23624428E+00
  9.35423382E-01  1.23587765E+00
  9.36404999E-01  1.23550747E+00
  9.37386518E-01  1.23511600E+00
  9.38367938E-01  1.23472088E+00
  9.39349261E-01  1.23430280E+00
  9.40330485E-01  1.23388094E+00
  9.41311611E-01  1.23343424E+00
  9.42292639E-01  1.23298357E+00
  9.43273570E-01  1.23250597E+00
  9.44254401E-01  1.23202413E+00
  9.45235135E-01  1.23151302E+00
  9.46215771E-01  1.23099733E+00
  9.47196309E-01  1.23044973E+00
  9.48176748E-01  1.22989709E+00
  9.49157090E-01  1.22930956E+00
  9.50137334E-01  1.22871643E+00
  9.51117479E-01  1.22808502E+00
  9.52097527E-01  1.22744728E+00
  9.53077476E-01  1.22676738E+00
  9.54057328E-01  1.22608026E+00
  9.55037082E-01  1.22534654E+00
  9.56016737E-01  1.22460446E+00
  9.56996295E-01  1.22381066E+00
  9.57975755E-01  1.22300705E+00
  9.58955116E-01  1.22214579E+00
  9.59934380E-01  1.22127292E+00
  9.60913546E-01  1.22033544E+00
  9.61892614E-01  1.21938407E+00
  9.62871584E-01  1.21835992E+00
  9.63850457E-01  1.21731896E+00
  9.64829231E-01  1.21619552E+00
  9.65807907E-01  1.21505157E+00
  9.66786486E-01  1.21381353E+00
  9.67764967E-01  1.21255019E+00
  9.68743350E-01  1.21117873E+00
  9.69721635E-01  1.20977578E+00
  9.70699822E-01  1.20824756E+00
  9.71677911E-01  1.20667975E+00
  9.72655903E-01  1.20496548E+00
  9.73633797E-01  1.20320089E+00
  9.74611593E-01  1.20126333E+00
  9.75589291E-01  1.19926109E+00
  9.76566892E-01  1.19705221E+00
  9.77544394E-01  1.19475918E+00
  9.78521799E-01  1.19221614E+00
  9.79499107E-01  1.18956213E+00
  9.80476316E-01  1.18660138E+00
  9.81453428E-01  1.18349212E+00
  9.82430442E-01  1.18000063E+00
  9.83407359E-01  1.17630732E+00
  9.84384177E-01  1.17212985E+00
  9.85360899E-01  1.16767378E+00
  9.86337522E-01  1.16259447E+00
  9.87314048E-01  1.15712524E+00
  9.88290476E-01  1.15084344E+00
  9.89266806E-01  1.14401235E+00
  9.90243039E-01  1.13612039E+00
  9.91219174E-01  1.12746515E+00
  9.92195212E-01  1.11746556E+00
  9.93171152E-01  1.10647325E+00
  9.94146994E-01  1.09395274E+00
  9.95122739E-01  1.08036573E+00
  9.96098386E-01  1.06546667E+00
  9.97073936E-01  1.04981834E+00
  9.98049388E-01  1.03350762E+00
  9.99024743E-01  1.01690218E+00
  1.00000000E+00  1.00000000E+00
