 ######################################################################
 #Data for Case=          10
 #   ALPHA,             N,       ITERATIONS, VW,          UMAX ,       UAVG,           UTAU1,          UTAU2    
  #  9.99999975E-05    1001      3047  1.28400002E+01  1.35819072E+01  1.17553506E+01  5.54780406E-01  1.04874658E-01
 ######################################################################
 # YPAD(I)/H,     U(I)/VW	
  0.00000000E+00  0.00000000E+00
  9.75257087E-04  1.04781585E-01
  1.95061171E-03  1.99456467E-01
  2.92606386E-03  2.94484855E-01
  3.90161357E-03  3.45537883E-01
  4.87726084E-03  4.04017914E-01
  5.85300568E-03  4.32327052E-01
  6.82884809E-03  4.67487848E-01
  7.80478810E-03  4.86329598E-01
  8.78082571E-03  5.09383477E-01
  9.75696092E-03  5.23228854E-01
  1.07331938E-02  5.39623414E-01
  1.17095242E-02  5.50417458E-01
  1.26859523E-02  5.62828658E-01
  1.36624781E-02  5.71592425E-01
  1.46391015E-02  5.81438342E-01
  1.56158225E-02  5.88771325E-01
  1.65926413E-02  5.96863659E-01
  1.75695577E-02  6.03144287E-01
  1.85465718E-02  6.09979465E-01
  1.95236837E-02  6.15459485E-01
  2.05008932E-02  6.21358181E-01
  2.14782005E-02  6.26212065E-01
  2.24556055E-02  6.31390960E-01
  2.34331083E-02  6.35743738E-01
  2.44107088E-02  6.40354809E-01
  2.53884071E-02  6.44298623E-01
  2.63662031E-02  6.48451858E-01
  2.73440970E-02  6.52056253E-01
  2.83220886E-02  6.55833396E-01
  2.93001780E-02  6.59151964E-01
  3.02783653E-02  6.62615172E-01
  3.12566504E-02  6.65689960E-01
  3.22350333E-02  6.68887448E-01
  3.32135140E-02  6.71751979E-01
  3.41920926E-02  6.74721802E-01
  3.51707691E-02  6.77403187E-01
  3.61495434E-02  6.80175849E-01
  3.71284157E-02  6.82696294E-01
  3.81073858E-02  6.85296585E-01
  3.90864538E-02  6.87674492E-01
  4.00656197E-02  6.90122809E-01
  4.10448836E-02  6.92373584E-01
  4.20242454E-02  6.94686900E-01
  4.30037051E-02  6.96823567E-01
  4.39832628E-02  6.99016146E-01
  4.49629184E-02  7.01049811E-01
  4.59426720E-02  7.03133756E-01
  4.69225236E-02  7.05073965E-01
  4.79024731E-02  7.07059628E-01
  4.88825207E-02  7.08914647E-01
  4.98626663E-02  7.10810955E-01
  5.08429099E-02  7.12587991E-01
  5.18232515E-02  7.14402694E-01
  5.28036912E-02  7.16108069E-01
  5.37842289E-02  7.17847942E-01
  5.47648647E-02  7.19487233E-01
  5.57455986E-02  7.21158235E-01
  5.67264305E-02  7.22736390E-01
  5.77073605E-02  7.24343788E-01
  5.86883886E-02  7.25865216E-01
  5.96695148E-02  7.27413694E-01
  6.06507392E-02  7.28882345E-01
  6.16320616E-02  7.30376086E-01
  6.26134822E-02  7.31795511E-01
  6.35950010E-02  7.33238268E-01
  6.45766179E-02  7.34611673E-01
  6.55583330E-02  7.36006825E-01
  6.65401462E-02  7.37337116E-01
  6.75220576E-02  7.38687721E-01
  6.85040673E-02  7.39977539E-01
  6.94861751E-02  7.41286371E-01
  7.04683812E-02  7.42538126E-01
  7.14506854E-02  7.43807711E-01
  7.24330880E-02  7.45023607E-01
  7.34155887E-02  7.46256252E-01
  7.43981877E-02  7.47438311E-01
  7.53808850E-02  7.48636129E-01
  7.63636806E-02  7.49786211E-01
  7.73465744E-02  7.50951143E-01
  7.83295665E-02  7.52070963E-01
  7.93126570E-02  7.53204795E-01
  8.02958457E-02  7.54295938E-01
  8.12791328E-02  7.55400320E-01
  8.22625182E-02  7.56464253E-01
  8.32460019E-02  7.57540710E-01
  8.42295840E-02  7.58578794E-01
  8.52132645E-02  7.59628741E-01
  8.61970433E-02  7.60642241E-01
  8.71809206E-02  7.61666990E-01
  8.81648962E-02  7.62657087E-01
  8.91489702E-02  7.63657860E-01
  9.01331426E-02  7.64625652E-01
  9.11174135E-02  7.65603588E-01
  9.21017828E-02  7.66550103E-01
  9.30862505E-02  7.67506265E-01
  9.40708167E-02  7.68432465E-01
  9.50554813E-02  7.69367848E-01
  9.60402444E-02  7.70274633E-01
  9.70251060E-02  7.71190166E-01
  9.80100661E-02  7.72078383E-01
  9.89951247E-02  7.72974941E-01
  9.99802818E-02  7.73845384E-01
  1.00965537E-01  7.74723785E-01
  1.01950892E-01  7.75577202E-01
  1.02936344E-01  7.76438218E-01
  1.03921895E-01  7.77275313E-01
  1.04907545E-01  7.78119669E-01
  1.05893294E-01  7.78941107E-01
  1.06879141E-01  7.79769486E-01
  1.07865086E-01  7.80575894E-01
  1.08851130E-01  7.81388942E-01
  1.09837273E-01  7.82180911E-01
  1.10823514E-01  7.82979238E-01
  1.11809854E-01  7.83757330E-01
  1.12796293E-01  7.84541511E-01
  1.13782830E-01  7.85306257E-01
  1.14769466E-01  7.86076838E-01
  1.15756201E-01  7.86828741E-01
  1.16743034E-01  7.87586238E-01
  1.17729966E-01  7.88325775E-01
  1.18716997E-01  7.89070679E-01
  1.19704126E-01  7.89798303E-01
  1.20691354E-01  7.90531078E-01
  1.21678681E-01  7.91247220E-01
  1.22666107E-01  7.91968308E-01
  1.23653631E-01  7.92673377E-01
  1.24641254E-01  7.93383198E-01
  1.25628976E-01  7.94077585E-01
  1.26616796E-01  7.94776538E-01
  1.27604716E-01  7.95460614E-01
  1.28592734E-01  7.96149079E-01
  1.29580851E-01  7.96823197E-01
  1.30569067E-01  7.97501538E-01
  1.31557381E-01  7.98166036E-01
  1.32545795E-01  7.98834597E-01
  1.33534307E-01  7.99489798E-01
  1.34522918E-01  8.00148908E-01
  1.35511629E-01  8.00795119E-01
  1.36500437E-01  8.01445094E-01
  1.37489345E-01  8.02082610E-01
  1.38478352E-01  8.02723750E-01
  1.39467458E-01  8.03352851E-01
  1.40456662E-01  8.03985445E-01
  1.41445966E-01  8.04606401E-01
  1.42435368E-01  8.05230722E-01
  1.43424869E-01  8.05843791E-01
  1.44414470E-01  8.06460104E-01
  1.45404169E-01  8.07065532E-01
  1.46393967E-01  8.07674088E-01
  1.47383864E-01  8.08272113E-01
  1.48373861E-01  8.08873154E-01
  1.49363956E-01  8.09464003E-01
  1.50354150E-01  8.10057760E-01
  1.51344443E-01  8.10641650E-01
  1.52334836E-01  8.11228346E-01
  1.53325327E-01  8.11805487E-01
  1.54315917E-01  8.12385335E-01
  1.55306607E-01  8.12955927E-01
  1.56297395E-01  8.13529132E-01
  1.57288283E-01  8.14093368E-01
  1.58279270E-01  8.14660127E-01
  1.59270355E-01  8.15218194E-01
  1.60261540E-01  8.15778696E-01
  1.61252824E-01  8.16330772E-01
  1.62244207E-01  8.16885199E-01
  1.63235690E-01  8.17431455E-01
  1.64227271E-01  8.17979982E-01
  1.65218952E-01  8.18520584E-01
  1.66210732E-01  8.19063380E-01
  1.67202611E-01  8.19598487E-01
  1.68194589E-01  8.20135714E-01
  1.69186666E-01  8.20665481E-01
  1.70178843E-01  8.21197294E-01
  1.71171119E-01  8.21721868E-01
  1.72163494E-01  8.22248419E-01
  1.73155968E-01  8.22767943E-01
  1.74148542E-01  8.23289377E-01
  1.75141214E-01  8.23803988E-01
  1.76133986E-01  8.24320446E-01
  1.77126858E-01  8.24830278E-01
  1.78119828E-01  8.25341894E-01
  1.79112898E-01  8.25847074E-01
  1.80106068E-01  8.26353979E-01
  1.81099336E-01  8.26854632E-01
  1.82092704E-01  8.27356952E-01
  1.83086172E-01  8.27853197E-01
  1.84079738E-01  8.28351054E-01
  1.85073404E-01  8.28843007E-01
  1.86067169E-01  8.29336518E-01
  1.87061034E-01  8.29824291E-01
  1.88054998E-01  8.30313570E-01
  1.89049062E-01  8.30797272E-01
  1.90043225E-01  8.31282429E-01
  1.91037487E-01  8.31762163E-01
  1.92031849E-01  8.32243304E-01
  1.93026310E-01  8.32719173E-01
  1.94020871E-01  8.33196401E-01
  1.95015531E-01  8.33668502E-01
  1.96010291E-01  8.34141916E-01
  1.97005150E-01  8.34610345E-01
  1.98000108E-01  8.35080042E-01
  1.98995166E-01  8.35544890E-01
  1.99990324E-01  8.36010963E-01
  2.00985581E-01  8.36472319E-01
  2.01980938E-01  8.36934860E-01
  2.02976394E-01  8.37392810E-01
  2.03971950E-01  8.37851905E-01
  2.04967605E-01  8.38306533E-01
  2.05963360E-01  8.38762268E-01
  2.06959214E-01  8.39213656E-01
  2.07955168E-01  8.39666111E-01
  2.08951222E-01  8.40114337E-01
  2.09947375E-01  8.40563595E-01
  2.10943628E-01  8.41008735E-01
  2.11939981E-01  8.41454871E-01
  2.12936433E-01  8.41897000E-01
  2.13932985E-01  8.42340090E-01
  2.14929636E-01  8.42779279E-01
  2.15926387E-01  8.43219396E-01
  2.16923238E-01  8.43655715E-01
  2.17920188E-01  8.44092930E-01
  2.18917239E-01  8.44526447E-01
  2.19914389E-01  8.44960828E-01
  2.20911638E-01  8.45391609E-01
  2.21908988E-01  8.45823223E-01
  2.22906437E-01  8.46251331E-01
  2.23903985E-01  8.46680243E-01
  2.24901634E-01  8.47105740E-01
  2.25899382E-01  8.47532013E-01
  2.26897231E-01  8.47954960E-01
  2.27895179E-01  8.48378655E-01
  2.28893226E-01  8.48799111E-01
  2.29891374E-01  8.49220286E-01
  2.30889621E-01  8.49638308E-01
  2.31887968E-01  8.50057023E-01
  2.32886415E-01  8.50472665E-01
  2.33884962E-01  8.50888975E-01
  2.34883609E-01  8.51302292E-01
  2.35882356E-01  8.51716252E-01
  2.36881202E-01  8.52127296E-01
  2.37880149E-01  8.52538958E-01
  2.38879195E-01  8.52947781E-01
  2.39878341E-01  8.53357198E-01
  2.40877587E-01  8.53763848E-01
  2.41876933E-01  8.54171069E-01
  2.42876379E-01  8.54575596E-01
  2.43875925E-01  8.54980670E-01
  2.44875571E-01  8.55383120E-01
  2.45875317E-01  8.55786095E-01
  2.46875163E-01  8.56186514E-01
  2.47875109E-01  8.56587436E-01
  2.48875155E-01  8.56985867E-01
  2.49875300E-01  8.57384782E-01
  2.50875546E-01  8.57781270E-01
  2.51875892E-01  8.58178221E-01
  2.52876338E-01  8.58572807E-01
  2.53876884E-01  8.58967836E-01
  2.54877530E-01  8.59360562E-01
  2.55878276E-01  8.59753712E-01
  2.56879122E-01  8.60144617E-01
  2.57880069E-01  8.60535927E-01
  2.58881115E-01  8.60925051E-01
  2.59882262E-01  8.61314561E-01
  2.60883508E-01  8.61701941E-01
  2.61884855E-01  8.62089689E-01
  2.62886302E-01  8.62475362E-01
  2.63887849E-01  8.62861387E-01
  2.64889496E-01  8.63245388E-01
  2.65891243E-01  8.63629725E-01
  2.66893091E-01  8.64012090E-01
  2.67895039E-01  8.64394775E-01
  2.68897087E-01  8.64775538E-01
  2.69899235E-01  8.65156604E-01
  2.70901483E-01  8.65535800E-01
  2.71903832E-01  8.65915281E-01
  2.72906280E-01  8.66292940E-01
  2.73908830E-01  8.66670870E-01
  2.74911479E-01  8.67047024E-01
  2.75914229E-01  8.67423434E-01
  2.76917078E-01  8.67798114E-01
  2.77920029E-01  8.68173036E-01
  2.78923079E-01  8.68546271E-01
  2.79926230E-01  8.68919734E-01
  2.80929481E-01  8.69291555E-01
  2.81932832E-01  8.69663589E-01
  2.82936284E-01  8.70034023E-01
  2.83939836E-01  8.70404657E-01
  2.84943489E-01  8.70773732E-01
  2.85947242E-01  8.71142994E-01
  2.86951095E-01  8.71510737E-01
  2.87955049E-01  8.71878654E-01
  2.88959103E-01  8.72245091E-01
  2.89963257E-01  8.72611689E-01
  2.90967512E-01  8.72976847E-01
  2.91971867E-01  8.73342152E-01
  2.92976323E-01  8.73706054E-01
  2.93980879E-01  8.74070093E-01
  2.94985536E-01  8.74432764E-01
  2.95990293E-01  8.74795559E-01
  2.96995150E-01  8.75157023E-01
  2.98000109E-01  8.75518600E-01
  2.99005167E-01  8.75878879E-01
  3.00010326E-01  8.76239260E-01
  3.01015586E-01  8.76598377E-01
  3.02020946E-01  8.76957586E-01
  3.03026407E-01  8.77315563E-01
  3.04031968E-01  8.77673621E-01
  3.05037630E-01  8.78030479E-01
  3.06043392E-01  8.78387407E-01
  3.07049255E-01  8.78743168E-01
  3.08055219E-01  8.79098988E-01
  3.09061283E-01  8.79453670E-01
  3.10067447E-01  8.79808402E-01
  3.11073713E-01  8.80162026E-01
  3.12080079E-01  8.80515690E-01
  3.13086546E-01  8.80868275E-01
  3.14093113E-01  8.81220890E-01
  3.15099781E-01  8.81572454E-01
  3.16106549E-01  8.81924039E-01
  3.17113419E-01  8.82274601E-01
  3.18120389E-01  8.82625174E-01
  3.19127460E-01  8.82974750E-01
  3.20134631E-01  8.83324330E-01
  3.21141903E-01  8.83672938E-01
  3.22149276E-01  8.84021541E-01
  3.23156750E-01  8.84369198E-01
  3.24164324E-01  8.84716841E-01
  3.25171999E-01  8.85063563E-01
  3.26179775E-01  8.85410263E-01
  3.27187652E-01  8.85756065E-01
  3.28195629E-01  8.86101837E-01
  3.29203707E-01  8.86446735E-01
  3.30211887E-01  8.86791595E-01
  3.31220167E-01  8.87135604E-01
  3.32228547E-01  8.87479567E-01
  3.33237029E-01  8.87822701E-01
  3.34245611E-01  8.88165781E-01
  3.35254295E-01  8.88508054E-01
  3.36263079E-01  8.88850266E-01
  3.37271964E-01  8.89191691E-01
  3.38280950E-01  8.89533049E-01
  3.39290037E-01  8.89873639E-01
  3.40299225E-01  8.90214156E-01
  3.41308513E-01  8.90553925E-01
  3.42317903E-01  8.90893613E-01
  3.43327394E-01  8.91232573E-01
  3.44336985E-01  8.91571445E-01
  3.45346678E-01  8.91909608E-01
  3.46356471E-01  8.92247677E-01
  3.47366365E-01  8.92585054E-01
  3.48376361E-01  8.92922331E-01
  3.49386457E-01  8.93258934E-01
  3.50396655E-01  8.93595430E-01
  3.51406953E-01  8.93931270E-01
  3.52417353E-01  8.94266997E-01
  3.53427854E-01  8.94602084E-01
  3.54438455E-01  8.94937052E-01
  3.55449158E-01  8.95271396E-01
  3.56459962E-01  8.95605616E-01
  3.57470867E-01  8.95939228E-01
  3.58481872E-01  8.96272709E-01
  3.59492980E-01  8.96605597E-01
  3.60504188E-01  8.96938351E-01
  3.61515497E-01  8.97270525E-01
  3.62526907E-01  8.97602558E-01
  3.63538419E-01  8.97934027E-01
  3.64550032E-01  8.98265351E-01
  3.65561746E-01  8.98596123E-01
  3.66573561E-01  8.98926745E-01
  3.67585477E-01  8.99256829E-01
  3.68597495E-01  8.99586757E-01
  3.69609613E-01  8.99916161E-01
  3.70621833E-01  9.00245404E-01
  3.71634154E-01  9.00574135E-01
  3.72646577E-01  9.00902701E-01
  3.73659100E-01  9.01230766E-01
  3.74671725E-01  9.01558662E-01
  3.75684451E-01  9.01886069E-01
  3.76697279E-01  9.02213303E-01
  3.77710207E-01  9.02540058E-01
  3.78723237E-01  9.02866635E-01
  3.79736369E-01  9.03192745E-01
  3.80749601E-01  9.03518674E-01
  3.81762935E-01  9.03844145E-01
  3.82776370E-01  9.04169431E-01
  3.83789907E-01  9.04494269E-01
  3.84803545E-01  9.04818918E-01
  3.85817284E-01  9.05143129E-01
  3.86831125E-01  9.05467147E-01
  3.87845067E-01  9.05790736E-01
  3.88859111E-01  9.06114129E-01
  3.89873256E-01  9.06437101E-01
  3.90887502E-01  9.06759874E-01
  3.91901850E-01  9.07082235E-01
  3.92916299E-01  9.07404392E-01
  3.93930850E-01  9.07726146E-01
  3.94945502E-01  9.08047693E-01
  3.95960256E-01  9.08368845E-01
  3.96975111E-01  9.08689786E-01
  3.97990067E-01  9.09010339E-01
  3.99005125E-01  9.09330679E-01
  4.00020285E-01  9.09650638E-01
  4.01035546E-01  9.09970381E-01
  4.02050909E-01  9.10289749E-01
  4.03066373E-01  9.10608898E-01
  4.04081939E-01  9.10927680E-01
  4.05097606E-01  9.11246239E-01
  4.06113375E-01  9.11564437E-01
  4.07129245E-01  9.11882410E-01
  4.08145217E-01  9.12200027E-01
  4.09161291E-01  9.12517417E-01
  4.10177466E-01  9.12834457E-01
  4.11193743E-01  9.13151267E-01
  4.12210122E-01  9.13467732E-01
  4.13226602E-01  9.13783964E-01
  4.14243184E-01  9.14099857E-01
  4.15259867E-01  9.14415514E-01
  4.16276652E-01  9.14730837E-01
  4.17293539E-01  9.15045922E-01
  4.18310528E-01  9.15360677E-01
  4.19327618E-01  9.15675192E-01
  4.20344810E-01  9.15989381E-01
  4.21362103E-01  9.16303327E-01
  4.22379499E-01  9.16616953E-01
  4.23396996E-01  9.16930333E-01
  4.24414595E-01  9.17243396E-01
  4.25432296E-01  9.17556211E-01
  4.26450098E-01  9.17868713E-01
  4.27468002E-01  9.18180966E-01
  4.28486008E-01  9.18492908E-01
  4.29504116E-01  9.18804598E-01
  4.30522326E-01  9.19115982E-01
  4.31540637E-01  9.19427112E-01
  4.32559051E-01  9.19737937E-01
  4.33577566E-01  9.20048508E-01
  4.34596183E-01  9.20358777E-01
  4.35614902E-01  9.20668789E-01
  4.36633722E-01  9.20978501E-01
  4.37652645E-01  9.21287955E-01
  4.38671670E-01  9.21597112E-01
  4.39690796E-01  9.21906009E-01
  4.40710024E-01  9.22214610E-01
  4.41729355E-01  9.22522950E-01
  4.42748787E-01  9.22830996E-01
  4.43768321E-01  9.23138779E-01
  4.44787957E-01  9.23446270E-01
  4.45807695E-01  9.23753496E-01
  4.46827535E-01  9.24060432E-01
  4.47847477E-01  9.24367102E-01
  4.48867522E-01  9.24673483E-01
  4.49887668E-01  9.24979596E-01
  4.50907916E-01  9.25285421E-01
  4.51928266E-01  9.25590978E-01
  4.52948718E-01  9.25896248E-01
  4.53969272E-01  9.26201247E-01
  4.54989929E-01  9.26505960E-01
  4.56010687E-01  9.26810402E-01
  4.57031547E-01  9.27114558E-01
  4.58052510E-01  9.27418442E-01
  4.59073574E-01  9.27722041E-01
  4.60094741E-01  9.28025365E-01
  4.61116010E-01  9.28328406E-01
  4.62137381E-01  9.28631171E-01
  4.63158854E-01  9.28933652E-01
  4.64180429E-01  9.29235857E-01
  4.65202107E-01  9.29537778E-01
  4.66223887E-01  9.29839422E-01
  4.67245768E-01  9.30140782E-01
  4.68267752E-01  9.30441863E-01
  4.69289839E-01  9.30742660E-01
  4.70312027E-01  9.31043178E-01
  4.71334318E-01  9.31343412E-01
  4.72356710E-01  9.31643366E-01
  4.73379206E-01  9.31943035E-01
  4.74401803E-01  9.32242422E-01
  4.75424503E-01  9.32541525E-01
  4.76447305E-01  9.32840346E-01
  4.77470209E-01  9.33138882E-01
  4.78493215E-01  9.33437134E-01
  4.79516324E-01  9.33735100E-01
  4.80539535E-01  9.34032782E-01
  4.81562849E-01  9.34330178E-01
  4.82586264E-01  9.34627289E-01
  4.83609782E-01  9.34924113E-01
  4.84633403E-01  9.35220651E-01
  4.85657126E-01  9.35516902E-01
  4.86680951E-01  9.35812865E-01
  4.87704879E-01  9.36108541E-01
  4.88728909E-01  9.36403928E-01
  4.89753041E-01  9.36699027E-01
  4.90777276E-01  9.36993836E-01
  4.91801613E-01  9.37288356E-01
  4.92826053E-01  9.37582586E-01
  4.93850595E-01  9.37876526E-01
  4.94875240E-01  9.38170175E-01
  4.95899987E-01  9.38463532E-01
  4.96924836E-01  9.38756598E-01
  4.97949788E-01  9.39049372E-01
  4.98974843E-01  9.39341853E-01
  5.00000000E-01  9.39634042E-01
  5.01025157E-01  9.39925953E-01
  5.02050212E-01  9.40217498E-01
  5.03075164E-01  9.40508696E-01
  5.04100013E-01  9.40799540E-01
  5.05124760E-01  9.41090033E-01
  5.06149405E-01  9.41380172E-01
  5.07173947E-01  9.41669960E-01
  5.08198387E-01  9.41959394E-01
  5.09222724E-01  9.42248476E-01
  5.10246959E-01  9.42537203E-01
  5.11271091E-01  9.42825577E-01
  5.12295121E-01  9.43113596E-01
  5.13319049E-01  9.43401263E-01
  5.14342874E-01  9.43688573E-01
  5.15366597E-01  9.43975530E-01
  5.16390218E-01  9.44262131E-01
  5.17413736E-01  9.44548379E-01
  5.18437151E-01  9.44834269E-01
  5.19460465E-01  9.45119806E-01
  5.20483676E-01  9.45404985E-01
  5.21506785E-01  9.45689809E-01
  5.22529791E-01  9.45974276E-01
  5.23552695E-01  9.46258388E-01
  5.24575497E-01  9.46542142E-01
  5.25598197E-01  9.46825540E-01
  5.26620794E-01  9.47108581E-01
  5.27643290E-01  9.47391264E-01
  5.28665682E-01  9.47673590E-01
  5.29687973E-01  9.47955559E-01
  5.30710161E-01  9.48237170E-01
  5.31732248E-01  9.48518423E-01
  5.32754232E-01  9.48799317E-01
  5.33776113E-01  9.49079854E-01
  5.34797893E-01  9.49360032E-01
  5.35819571E-01  9.49639852E-01
  5.36841146E-01  9.49919313E-01
  5.37862619E-01  9.50198415E-01
  5.38883990E-01  9.50477159E-01
  5.39905259E-01  9.50755542E-01
  5.40926426E-01  9.51033569E-01
  5.41947490E-01  9.51311233E-01
  5.42968453E-01  9.51588541E-01
  5.43989313E-01  9.51865487E-01
  5.45010071E-01  9.52142077E-01
  5.46030728E-01  9.52418303E-01
  5.47051282E-01  9.52694174E-01
  5.48071734E-01  9.52969680E-01
  5.49092084E-01  9.53244832E-01
  5.50112332E-01  9.53519619E-01
  5.51132478E-01  9.53794051E-01
  5.52152523E-01  9.54068118E-01
  5.53172465E-01  9.54341832E-01
  5.54192305E-01  9.54615179E-01
  5.55212043E-01  9.54888173E-01
  5.56231679E-01  9.55160800E-01
  5.57251213E-01  9.55433075E-01
  5.58270645E-01  9.55704982E-01
  5.59289976E-01  9.55976539E-01
  5.60309204E-01  9.56247726E-01
  5.61328330E-01  9.56518564E-01
  5.62347355E-01  9.56789032E-01
  5.63366278E-01  9.57059152E-01
  5.64385098E-01  9.57328900E-01
  5.65403817E-01  9.57598303E-01
  5.66422434E-01  9.57867332E-01
  5.67440949E-01  9.58136018E-01
  5.68459363E-01  9.58404329E-01
  5.69477674E-01  9.58672299E-01
  5.70495884E-01  9.58939892E-01
  5.71513992E-01  9.59207146E-01
  5.72531998E-01  9.59474022E-01
  5.73549902E-01  9.59740561E-01
  5.74567704E-01  9.60006720E-01
  5.75585405E-01  9.60272546E-01
  5.76603004E-01  9.60537990E-01
  5.77620501E-01  9.60803102E-01
  5.78637897E-01  9.61067832E-01
  5.79655190E-01  9.61332233E-01
  5.80672382E-01  9.61596249E-01
  5.81689472E-01  9.61859939E-01
  5.82706461E-01  9.62123243E-01
  5.83723348E-01  9.62386224E-01
  5.84740133E-01  9.62648817E-01
  5.85756816E-01  9.62911090E-01
  5.86773398E-01  9.63172974E-01
  5.87789878E-01  9.63434541E-01
  5.88806257E-01  9.63695716E-01
  5.89822534E-01  9.63956578E-01
  5.90838709E-01  9.64217047E-01
  5.91854783E-01  9.64477206E-01
  5.92870755E-01  9.64736970E-01
  5.93886625E-01  9.64996428E-01
  5.94902394E-01  9.65255489E-01
  5.95918061E-01  9.65514247E-01
  5.96933627E-01  9.65772607E-01
  5.97949091E-01  9.66030669E-01
  5.98964454E-01  9.66288329E-01
  5.99979715E-01  9.66545696E-01
  6.00994875E-01  9.66802659E-01
  6.02009933E-01  9.67059333E-01
  6.03024889E-01  9.67315601E-01
  6.04039744E-01  9.67571585E-01
  6.05054498E-01  9.67827161E-01
  6.06069150E-01  9.68082457E-01
  6.07083701E-01  9.68337343E-01
  6.08098150E-01  9.68591954E-01
  6.09112498E-01  9.68846152E-01
  6.10126744E-01  9.69100081E-01
  6.11140889E-01  9.69353594E-01
  6.12154933E-01  9.69606843E-01
  6.13168875E-01  9.69859674E-01
  6.14182716E-01  9.70112247E-01
  6.15196455E-01  9.70364398E-01
  6.16210093E-01  9.70616298E-01
  6.17223630E-01  9.70867773E-01
  6.18237065E-01  9.71119002E-01
  6.19250399E-01  9.71369804E-01
  6.20263631E-01  9.71620366E-01
  6.21276763E-01  9.71870499E-01
  6.22289793E-01  9.72120398E-01
  6.23302721E-01  9.72369864E-01
  6.24315549E-01  9.72619102E-01
  6.25328275E-01  9.72867905E-01
  6.26340900E-01  9.73116488E-01
  6.27353423E-01  9.73364631E-01
  6.28365846E-01  9.73612561E-01
  6.29378167E-01  9.73860049E-01
  6.30390387E-01  9.74107331E-01
  6.31402505E-01  9.74354167E-01
  6.32414523E-01  9.74600804E-01
  6.33426439E-01  9.74846992E-01
  6.34438254E-01  9.75092989E-01
  6.35449968E-01  9.75338533E-01
  6.36461581E-01  9.75583894E-01
  6.37473093E-01  9.75828799E-01
  6.38484503E-01  9.76073528E-01
  6.39495812E-01  9.76317798E-01
  6.40507020E-01  9.76561900E-01
  6.41518128E-01  9.76805539E-01
  6.42529133E-01  9.77049018E-01
  6.43540038E-01  9.77292031E-01
  6.44550842E-01  9.77534893E-01
  6.45561545E-01  9.77777284E-01
  6.46572146E-01  9.78019533E-01
  6.47582647E-01  9.78261308E-01
  6.48593047E-01  9.78502949E-01
  6.49603345E-01  9.78744113E-01
  6.50613543E-01  9.78985151E-01
  6.51623639E-01  9.79225708E-01
  6.52633635E-01  9.79466149E-01
  6.53643529E-01  9.79706104E-01
  6.54653322E-01  9.79945954E-01
  6.55663015E-01  9.80185313E-01
  6.56672606E-01  9.80424576E-01
  6.57682097E-01  9.80663344E-01
  6.58691487E-01  9.80902027E-01
  6.59700775E-01  9.81140210E-01
  6.60709963E-01  9.81378318E-01
  6.61719050E-01  9.81615922E-01
  6.62728036E-01  9.81853460E-01
  6.63736921E-01  9.82090491E-01
  6.64745705E-01  9.82327466E-01
  6.65754389E-01  9.82563930E-01
  6.66762971E-01  9.82800348E-01
  6.67771453E-01  9.83036250E-01
  6.68779833E-01  9.83272118E-01
  6.69788113E-01  9.83507465E-01
  6.70796293E-01  9.83742789E-01
  6.71804371E-01  9.83977587E-01
  6.72812348E-01  9.84212373E-01
  6.73820225E-01  9.84446629E-01
  6.74828001E-01  9.84680885E-01
  6.75835676E-01  9.84914604E-01
  6.76843250E-01  9.85148337E-01
  6.77850724E-01  9.85381527E-01
  6.78858097E-01  9.85614742E-01
  6.79865369E-01  9.85847411E-01
  6.80872540E-01  9.86080116E-01
  6.81879611E-01  9.86312270E-01
  6.82886581E-01  9.86544473E-01
  6.83893451E-01  9.86776118E-01
  6.84900219E-01  9.87007826E-01
  6.85906887E-01  9.87238971E-01
  6.86913454E-01  9.87470191E-01
  6.87919921E-01  9.87700842E-01
  6.88926287E-01  9.87931582E-01
  6.89932553E-01  9.88161749E-01
  6.90938717E-01  9.88392016E-01
  6.91944781E-01  9.88621705E-01
  6.92950745E-01  9.88851508E-01
  6.93956608E-01  9.89080726E-01
  6.94962370E-01  9.89310074E-01
  6.95968032E-01  9.89538830E-01
  6.96973593E-01  9.89767729E-01
  6.97979054E-01  9.89996032E-01
  6.98984414E-01  9.90224492E-01
  6.99989674E-01  9.90452348E-01
  7.00994833E-01  9.90680377E-01
  7.01999891E-01  9.90907797E-01
  7.03004850E-01  9.91135403E-01
  7.04009707E-01  9.91362395E-01
  7.05014464E-01  9.91589588E-01
  7.06019121E-01  9.91816159E-01
  7.07023677E-01  9.92042948E-01
  7.08028133E-01  9.92269108E-01
  7.09032488E-01  9.92495501E-01
  7.10036743E-01  9.92721260E-01
  7.11040897E-01  9.92947267E-01
  7.12044951E-01  9.93172633E-01
  7.13048905E-01  9.93398264E-01
  7.14052758E-01  9.93623247E-01
  7.15056511E-01  9.93848510E-01
  7.16060164E-01  9.94073119E-01
  7.17063716E-01  9.94298026E-01
  7.18067168E-01  9.94522271E-01
  7.19070519E-01  9.94746830E-01
  7.20073770E-01  9.94970721E-01
  7.21076921E-01  9.95194944E-01
  7.22079971E-01  9.95418491E-01
  7.23082922E-01  9.95642386E-01
  7.24085771E-01  9.95865599E-01
  7.25088521E-01  9.96089179E-01
  7.26091170E-01  9.96312069E-01
  7.27093720E-01  9.96535343E-01
  7.28096168E-01  9.96757919E-01
  7.29098517E-01  9.96980899E-01
  7.30100765E-01  9.97203173E-01
  7.31102913E-01  9.97425869E-01
  7.32104961E-01  9.97647853E-01
  7.33106909E-01  9.97870276E-01
  7.34108757E-01  9.98091979E-01
  7.35110504E-01  9.98314142E-01
  7.36112151E-01  9.98535577E-01
  7.37113698E-01  9.98757490E-01
  7.38115145E-01  9.98978668E-01
  7.39116492E-01  9.99200344E-01
  7.40117738E-01  9.99421276E-01
  7.41118885E-01  9.99642727E-01
  7.42119931E-01  9.99863426E-01
  7.43120878E-01  1.00008466E+00
  7.44121724E-01  1.00030514E+00
  7.45122470E-01  1.00052618E+00
  7.46123116E-01  1.00074645E+00
  7.47123662E-01  1.00096730E+00
  7.48124108E-01  1.00118737E+00
  7.49124454E-01  1.00140804E+00
  7.50124700E-01  1.00162793E+00
  7.51124845E-01  1.00184845E+00
  7.52124891E-01  1.00206817E+00
  7.53124837E-01  1.00228853E+00
  7.54124683E-01  1.00250809E+00
  7.55124429E-01  1.00272832E+00
  7.56124075E-01  1.00294774E+00
  7.57123621E-01  1.00316785E+00
  7.58123067E-01  1.00338714E+00
  7.59122413E-01  1.00360714E+00
  7.60121659E-01  1.00382632E+00
  7.61120805E-01  1.00404623E+00
  7.62119851E-01  1.00426530E+00
  7.63118798E-01  1.00448514E+00
  7.64117644E-01  1.00470412E+00
  7.65116391E-01  1.00492390E+00
  7.66115038E-01  1.00514281E+00
  7.67113585E-01  1.00536254E+00
  7.68112032E-01  1.00558140E+00
  7.69110379E-01  1.00580109E+00
  7.70108626E-01  1.00601991E+00
  7.71106774E-01  1.00623959E+00
  7.72104821E-01  1.00645839E+00
  7.73102769E-01  1.00667807E+00
  7.74100618E-01  1.00689685E+00
  7.75098366E-01  1.00711655E+00
  7.76096015E-01  1.00733535E+00
  7.77093563E-01  1.00755508E+00
  7.78091012E-01  1.00777390E+00
  7.79088362E-01  1.00799369E+00
  7.80085611E-01  1.00821255E+00
  7.81082761E-01  1.00843241E+00
  7.82079812E-01  1.00865133E+00
  7.83076762E-01  1.00887127E+00
  7.84073613E-01  1.00909027E+00
  7.85070364E-01  1.00931033E+00
  7.86067015E-01  1.00952942E+00
  7.87063567E-01  1.00974960E+00
  7.88060019E-01  1.00996881E+00
  7.89056372E-01  1.01018913E+00
  7.90052625E-01  1.01040847E+00
  7.91048778E-01  1.01062896E+00
  7.92044832E-01  1.01084846E+00
  7.93040786E-01  1.01106913E+00
  7.94036640E-01  1.01128880E+00
  7.95032395E-01  1.01150968E+00
  7.96028050E-01  1.01172955E+00
  7.97023606E-01  1.01195066E+00
  7.98019062E-01  1.01217074E+00
  7.99014419E-01  1.01239209E+00
  8.00009676E-01  1.01261241E+00
  8.01004834E-01  1.01283404E+00
  8.01999892E-01  1.01305461E+00
  8.02994850E-01  1.01327653E+00
  8.03989709E-01  1.01349739E+00
  8.04984469E-01  1.01371963E+00
  8.05979129E-01  1.01394079E+00
  8.06973690E-01  1.01416337E+00
  8.07968151E-01  1.01438486E+00
  8.08962513E-01  1.01460781E+00
  8.09956775E-01  1.01482965E+00
  8.10950938E-01  1.01505298E+00
  8.11945002E-01  1.01527521E+00
  8.12938966E-01  1.01549896E+00
  8.13932831E-01  1.01572158E+00
  8.14926596E-01  1.01594578E+00
  8.15920262E-01  1.01616883E+00
  8.16913828E-01  1.01639350E+00
  8.17907296E-01  1.01661701E+00
  8.18900664E-01  1.01684217E+00
  8.19893932E-01  1.01706617E+00
  8.20887102E-01  1.01729186E+00
  8.21880172E-01  1.01751637E+00
  8.22873142E-01  1.01774261E+00
  8.23866014E-01  1.01796767E+00
  8.24858786E-01  1.01819450E+00
  8.25851458E-01  1.01842012E+00
  8.26844032E-01  1.01864757E+00
  8.27836506E-01  1.01887380E+00
  8.28828881E-01  1.01910190E+00
  8.29821157E-01  1.01932877E+00
  8.30813334E-01  1.01955755E+00
  8.31805411E-01  1.01978508E+00
  8.32797389E-01  1.02001458E+00
  8.33789268E-01  1.02024281E+00
  8.34781048E-01  1.02047306E+00
  8.35772729E-01  1.02070203E+00
  8.36764310E-01  1.02093307E+00
  8.37755793E-01  1.02116281E+00
  8.38747176E-01  1.02139468E+00
  8.39738460E-01  1.02162523E+00
  8.40729645E-01  1.02185795E+00
  8.41720730E-01  1.02208935E+00
  8.42711717E-01  1.02232298E+00
  8.43702605E-01  1.02255527E+00
  8.44693393E-01  1.02278984E+00
  8.45684083E-01  1.02302305E+00
  8.46674673E-01  1.02325860E+00
  8.47665164E-01  1.02349279E+00
  8.48655557E-01  1.02372937E+00
  8.49645850E-01  1.02396456E+00
  8.50636044E-01  1.02420221E+00
  8.51626139E-01  1.02443847E+00
  8.52616136E-01  1.02467724E+00
  8.53606033E-01  1.02491459E+00
  8.54595831E-01  1.02515453E+00
  8.55585530E-01  1.02539303E+00
  8.56575131E-01  1.02563418E+00
  8.57564632E-01  1.02587388E+00
  8.58554034E-01  1.02611630E+00
  8.59543338E-01  1.02635725E+00
  8.60532542E-01  1.02660099E+00
  8.61521648E-01  1.02684324E+00
  8.62510655E-01  1.02708835E+00
  8.63499563E-01  1.02733195E+00
  8.64488371E-01  1.02757849E+00
  8.65477082E-01  1.02782350E+00
  8.66465693E-01  1.02807153E+00
  8.67454205E-01  1.02831801E+00
  8.68442619E-01  1.02856758E+00
  8.69430933E-01  1.02881560E+00
  8.70419149E-01  1.02906678E+00
  8.71407266E-01  1.02931638E+00
  8.72395284E-01  1.02956923E+00
  8.73383204E-01  1.02982048E+00
  8.74371024E-01  1.03007508E+00
  8.75358746E-01  1.03032805E+00
  8.76346369E-01  1.03058445E+00
  8.77333893E-01  1.03083921E+00
  8.78321319E-01  1.03109749E+00
  8.79308646E-01  1.03135411E+00
  8.80295874E-01  1.03161434E+00
  8.81283003E-01  1.03187289E+00
  8.82270034E-01  1.03213515E+00
  8.83256966E-01  1.03239571E+00
  8.84243799E-01  1.03266007E+00
  8.85230534E-01  1.03292271E+00
  8.86217170E-01  1.03318926E+00
  8.87203707E-01  1.03345407E+00
  8.88190146E-01  1.03372288E+00
  8.89176486E-01  1.03398994E+00
  8.90162727E-01  1.03426112E+00
  8.91148870E-01  1.03453051E+00
  8.92134914E-01  1.03480412E+00
  8.93120859E-01  1.03507594E+00
  8.94106706E-01  1.03535209E+00
  8.95092455E-01  1.03562641E+00
  8.96078105E-01  1.03590520E+00
  8.97063656E-01  1.03618213E+00
  8.98049108E-01  1.03646364E+00
  8.99034463E-01  1.03674327E+00
  9.00019718E-01  1.03702760E+00
  9.01004875E-01  1.03731003E+00
  9.01989934E-01  1.03759729E+00
  9.02974894E-01  1.03788261E+00
  9.03959756E-01  1.03817290E+00
  9.04944519E-01  1.03846122E+00
  9.05929183E-01  1.03875464E+00
  9.06913750E-01  1.03904606E+00
  9.07898217E-01  1.03934271E+00
  9.08882587E-01  1.03963734E+00
  9.09866857E-01  1.03993733E+00
  9.10851030E-01  1.04023526E+00
  9.11835104E-01  1.04053870E+00
  9.12819079E-01  1.04084003E+00
  9.13802957E-01  1.04114702E+00
  9.14786735E-01  1.04145186E+00
  9.15770416E-01  1.04176249E+00
  9.16753998E-01  1.04207093E+00
  9.17737482E-01  1.04238530E+00
  9.18720867E-01  1.04269743E+00
  9.19704154E-01  1.04301563E+00
  9.20687343E-01  1.04333154E+00
  9.21670433E-01  1.04365364E+00
  9.22653426E-01  1.04397338E+00
  9.23636319E-01  1.04429946E+00
  9.24619115E-01  1.04462310E+00
  9.25601812E-01  1.04495318E+00
  9.26584411E-01  1.04528075E+00
  9.27566912E-01  1.04561488E+00
  9.28549315E-01  1.04594638E+00
  9.29531619E-01  1.04628453E+00
  9.30513825E-01  1.04661995E+00
  9.31495933E-01  1.04696208E+00
  9.32477942E-01  1.04730134E+00
  9.33459854E-01  1.04764734E+00
  9.34441667E-01  1.04799030E+00
  9.35423382E-01  1.04834001E+00
  9.36404999E-01  1.04868647E+00
  9.37386518E-01  1.04903962E+00
  9.38367938E-01  1.04938929E+00
  9.39349261E-01  1.04974551E+00
  9.40330485E-01  1.05009794E+00
  9.41311611E-01  1.05045670E+00
  9.42292639E-01  1.05081130E+00
  9.43273570E-01  1.05117189E+00
  9.44254401E-01  1.05152784E+00
  9.45235135E-01  1.05188928E+00
  9.46215771E-01  1.05224547E+00
  9.47196309E-01  1.05260644E+00
  9.48176748E-01  1.05296137E+00
  9.49157090E-01  1.05332010E+00
  9.50137334E-01  1.05367177E+00
  9.51117479E-01  1.05402585E+00
  9.52097527E-01  1.05437152E+00
  9.53077476E-01  1.05471770E+00
  9.54057328E-01  1.05505366E+00
  9.55037082E-01  1.05538748E+00
  9.56016737E-01  1.05570858E+00
  9.56996295E-01  1.05602384E+00
  9.57975755E-01  1.05632286E+00
  9.58955116E-01  1.05661076E+00
  9.59934380E-01  1.05687724E+00
  9.60913546E-01  1.05712480E+00
  9.61892614E-01  1.05734292E+00
  9.62871584E-01  1.05752989E+00
  9.63850457E-01  1.05767359E+00
  9.64829231E-01  1.05776421E+00
  9.65807907E-01  1.05778092E+00
  9.66786486E-01  1.05770377E+00
  9.67764967E-01  1.05755334E+00
  9.68743350E-01  1.05733957E+00
  9.69721635E-01  1.05706725E+00
  9.70699822E-01  1.05673331E+00
  9.71677911E-01  1.05634184E+00
  9.72655903E-01  1.05588493E+00
  9.73633797E-01  1.05536745E+00
  9.74611593E-01  1.05477755E+00
  9.75589291E-01  1.05412137E+00
  9.76566892E-01  1.05338337E+00
  9.77544394E-01  1.05257111E+00
  9.78521799E-01  1.05166547E+00
  9.79499107E-01  1.05067540E+00
  9.80476316E-01  1.04957849E+00
  9.81453428E-01  1.04838503E+00
  9.82430442E-01  1.04706988E+00
  9.83407359E-01  1.04564461E+00
  9.84384177E-01  1.04408256E+00
  9.85360899E-01  1.04239651E+00
  9.86337522E-01  1.04056028E+00
  9.87314048E-01  1.03858795E+00
  9.88290476E-01  1.03645657E+00
  9.89266806E-01  1.03418166E+00
  9.90243039E-01  1.03174637E+00
  9.91219174E-01  1.02916733E+00
  9.92195212E-01  1.02643550E+00
  9.93171152E-01  1.02356731E+00
  9.94146994E-01  1.02056068E+00
  9.95122739E-01  1.01742954E+00
  9.96098386E-01  1.01417564E+00
  9.97073936E-01  1.01080834E+00
  9.98049388E-01  1.00732987E+00
  9.99024743E-01  1.00374441E+00
  1.00000000E+00  1.00000000E+00
