 ######################################################################
 #Data for Case=          13
 #   ALPHA,             N,       ITERATIONS, VW,          UMAX ,       UAVG,           UTAU1,          UTAU2    
  #  9.99999975E-05    1001      4114  1.28400002E+01  2.26536714E+01  2.07214304E+01  9.66458653E-01  5.35684296E-01
 ######################################################################
 # YPAD(I)/H,     U(I)/VW	
  0.00000000E+00  0.00000000E+00
  9.75257087E-04  3.17986947E-01
  1.95061171E-03  5.03990201E-01
  2.92606386E-03  7.08798559E-01
  3.90161357E-03  7.67052393E-01
  4.87726084E-03  8.57300735E-01
  5.85300568E-03  8.91847996E-01
  6.82884809E-03  9.40777352E-01
  7.80478810E-03  9.65416914E-01
  8.78082571E-03  9.96904670E-01
  9.75696092E-03  1.01586605E+00
  1.07331938E-02  1.03852749E+00
  1.17095242E-02  1.05383777E+00
  1.26859523E-02  1.07137771E+00
  1.36624781E-02  1.08417762E+00
  1.46391015E-02  1.09843858E+00
  1.56158225E-02  1.10942330E+00
  1.65926413E-02  1.12142833E+00
  1.75695577E-02  1.13104626E+00
  1.85465718E-02  1.14141267E+00
  1.95236837E-02  1.14996678E+00
  2.05008932E-02  1.15909171E+00
  2.14782005E-02  1.16679483E+00
  2.24556055E-02  1.17494713E+00
  2.34331083E-02  1.18195390E+00
  2.44107088E-02  1.18932329E+00
  2.53884071E-02  1.19574932E+00
  2.63662031E-02  1.20247434E+00
  2.73440970E-02  1.20840829E+00
  2.83220886E-02  1.21459312E+00
  2.93001780E-02  1.22010442E+00
  3.02783653E-02  1.22582939E+00
  3.12566504E-02  1.23097351E+00
  3.22350333E-02  1.23630188E+00
  3.32135140E-02  1.24112385E+00
  3.41920926E-02  1.24610639E+00
  3.51707691E-02  1.25064331E+00
  3.61495434E-02  1.25532146E+00
  3.71284157E-02  1.25960427E+00
  3.81073858E-02  1.26401229E+00
  3.90864538E-02  1.26806715E+00
  4.00656197E-02  1.27223376E+00
  4.10448836E-02  1.27608292E+00
  4.20242454E-02  1.28003244E+00
  4.30037051E-02  1.28369508E+00
  4.39832628E-02  1.28744832E+00
  4.49629184E-02  1.29094104E+00
  4.59426720E-02  1.29451595E+00
  4.69225236E-02  1.29785327E+00
  4.79024731E-02  1.30126544E+00
  4.88825207E-02  1.30446009E+00
  4.98626663E-02  1.30772318E+00
  5.08429099E-02  1.31078643E+00
  5.18232515E-02  1.31391248E+00
  5.28036912E-02  1.31685433E+00
  5.37842289E-02  1.31985397E+00
  5.47648647E-02  1.32268334E+00
  5.57455986E-02  1.32556606E+00
  5.67264305E-02  1.32829096E+00
  5.77073605E-02  1.33106523E+00
  5.86883886E-02  1.33369285E+00
  5.96695148E-02  1.33636628E+00
  6.06507392E-02  1.33890313E+00
  6.16320616E-02  1.34148256E+00
  6.26134822E-02  1.34393452E+00
  6.35950010E-02  1.34642616E+00
  6.45766179E-02  1.34879859E+00
  6.55583330E-02  1.35120806E+00
  6.65401462E-02  1.35350584E+00
  6.75220576E-02  1.35583826E+00
  6.85040673E-02  1.35806585E+00
  6.94861751E-02  1.36032589E+00
  7.04683812E-02  1.36248738E+00
  7.14506854E-02  1.36467931E+00
  7.24330880E-02  1.36677845E+00
  7.34155887E-02  1.36890620E+00
  7.43981877E-02  1.37094645E+00
  7.53808850E-02  1.37301362E+00
  7.63636806E-02  1.37499817E+00
  7.73465744E-02  1.37700808E+00
  7.83295665E-02  1.37893987E+00
  7.93126570E-02  1.38089560E+00
  8.02958457E-02  1.38277736E+00
  8.12791328E-02  1.38468174E+00
  8.22625182E-02  1.38651601E+00
  8.32460019E-02  1.38837167E+00
  8.42295840E-02  1.39016081E+00
  8.52132645E-02  1.39197019E+00
  8.61970433E-02  1.39371639E+00
  8.71809206E-02  1.39548177E+00
  8.81648962E-02  1.39718707E+00
  8.91489702E-02  1.39891057E+00
  9.01331426E-02  1.40057688E+00
  9.11174135E-02  1.40226047E+00
  9.21017828E-02  1.40388958E+00
  9.30862505E-02  1.40553511E+00
  9.40708167E-02  1.40712869E+00
  9.50554813E-02  1.40873789E+00
  9.60402444E-02  1.41029751E+00
  9.70251060E-02  1.41187199E+00
  9.80100661E-02  1.41339913E+00
  9.89951247E-02  1.41494042E+00
  9.99802818E-02  1.41643645E+00
  1.00965537E-01  1.41794597E+00
  1.01950892E-01  1.41941220E+00
  1.02936344E-01  1.42089131E+00
  1.03921895E-01  1.42232896E+00
  1.04907545E-01  1.42377891E+00
  1.05893294E-01  1.42518915E+00
  1.06879141E-01  1.42661113E+00
  1.07865086E-01  1.42799505E+00
  1.08851130E-01  1.42939019E+00
  1.09837273E-01  1.43074883E+00
  1.10823514E-01  1.43211819E+00
  1.11809854E-01  1.43345251E+00
  1.12796293E-01  1.43479710E+00
  1.13782830E-01  1.43610804E+00
  1.14769466E-01  1.43742881E+00
  1.15756201E-01  1.43871725E+00
  1.16743034E-01  1.44001509E+00
  1.17729966E-01  1.44128186E+00
  1.18716997E-01  1.44255763E+00
  1.19704126E-01  1.44380352E+00
  1.20691354E-01  1.44505804E+00
  1.21678681E-01  1.44628379E+00
  1.22666107E-01  1.44751783E+00
  1.23653631E-01  1.44872416E+00
  1.24641254E-01  1.44993844E+00
  1.25628976E-01  1.45112604E+00
  1.26616796E-01  1.45232126E+00
  1.27604716E-01  1.45349077E+00
  1.28592734E-01  1.45466760E+00
  1.29580851E-01  1.45581963E+00
  1.30569067E-01  1.45697870E+00
  1.31557381E-01  1.45811385E+00
  1.32545795E-01  1.45925576E+00
  1.33534307E-01  1.46037458E+00
  1.34522918E-01  1.46149990E+00
  1.35511629E-01  1.46260294E+00
  1.36500437E-01  1.46371222E+00
  1.37489345E-01  1.46479999E+00
  1.38478352E-01  1.46589376E+00
  1.39467458E-01  1.46696673E+00
  1.40456662E-01  1.46804549E+00
  1.41445966E-01  1.46910415E+00
  1.42435368E-01  1.47016837E+00
  1.43424869E-01  1.47121317E+00
  1.44414470E-01  1.47226331E+00
  1.45404169E-01  1.47329467E+00
  1.46393967E-01  1.47433118E+00
  1.47383864E-01  1.47534951E+00
  1.48373861E-01  1.47637280E+00
  1.49363956E-01  1.47737851E+00
  1.50354150E-01  1.47838898E+00
  1.51344443E-01  1.47938243E+00
  1.52334836E-01  1.48038048E+00
  1.53325327E-01  1.48136205E+00
  1.54315917E-01  1.48234804E+00
  1.55306607E-01  1.48331807E+00
  1.56297395E-01  1.48429236E+00
  1.57288283E-01  1.48525118E+00
  1.58279270E-01  1.48621411E+00
  1.59270355E-01  1.48716206E+00
  1.60261540E-01  1.48811396E+00
  1.61252824E-01  1.48905133E+00
  1.62244207E-01  1.48999252E+00
  1.63235690E-01  1.49091962E+00
  1.64227271E-01  1.49185040E+00
  1.65218952E-01  1.49276752E+00
  1.66210732E-01  1.49368818E+00
  1.67202611E-01  1.49459559E+00
  1.68194589E-01  1.49550642E+00
  1.69186666E-01  1.49640439E+00
  1.70178843E-01  1.49730565E+00
  1.71171119E-01  1.49819443E+00
  1.72163494E-01  1.49908639E+00
  1.73155968E-01  1.49996624E+00
  1.74148542E-01  1.50084915E+00
  1.75141214E-01  1.50172030E+00
  1.76133986E-01  1.50259440E+00
  1.77126858E-01  1.50345708E+00
  1.78119828E-01  1.50432260E+00
  1.79112898E-01  1.50517704E+00
  1.80106068E-01  1.50603421E+00
  1.81099336E-01  1.50688062E+00
  1.82092704E-01  1.50772967E+00
  1.83086172E-01  1.50856824E+00
  1.84079738E-01  1.50940937E+00
  1.85073404E-01  1.51024033E+00
  1.86067169E-01  1.51107374E+00
  1.87061034E-01  1.51189726E+00
  1.88054998E-01  1.51272316E+00
  1.89049062E-01  1.51353944E+00
  1.90043225E-01  1.51435800E+00
  1.91037487E-01  1.51516722E+00
  1.92031849E-01  1.51597864E+00
  1.93026310E-01  1.51678097E+00
  1.94020871E-01  1.51758542E+00
  1.95015531E-01  1.51838104E+00
  1.96010291E-01  1.51917869E+00
  1.97005150E-01  1.51996775E+00
  1.98000108E-01  1.52075878E+00
  1.98995166E-01  1.52154144E+00
  1.99990324E-01  1.52232600E+00
  2.00985581E-01  1.52310242E+00
  2.01980938E-01  1.52388066E+00
  2.02976394E-01  1.52465099E+00
  2.03971950E-01  1.52542307E+00
  2.04967605E-01  1.52618745E+00
  2.05963360E-01  1.52695352E+00
  2.06959214E-01  1.52771209E+00
  2.07955168E-01  1.52847228E+00
  2.08951222E-01  1.52922518E+00
  2.09947375E-01  1.52997963E+00
  2.10943628E-01  1.53072699E+00
  2.11939981E-01  1.53147584E+00
  2.12936433E-01  1.53221778E+00
  2.13932985E-01  1.53296116E+00
  2.14929636E-01  1.53369780E+00
  2.15926387E-01  1.53443583E+00
  2.16923238E-01  1.53516730E+00
  2.17920188E-01  1.53590010E+00
  2.18917239E-01  1.53662652E+00
  2.19914389E-01  1.53735421E+00
  2.20911638E-01  1.53807568E+00
  2.21908988E-01  1.53879838E+00
  2.22906437E-01  1.53951502E+00
  2.23903985E-01  1.54023283E+00
  2.24901634E-01  1.54094474E+00
  2.25899382E-01  1.54165778E+00
  2.26897231E-01  1.54236506E+00
  2.27895179E-01  1.54307343E+00
  2.28893226E-01  1.54377619E+00
  2.29891374E-01  1.54447998E+00
  2.30889621E-01  1.54517832E+00
  2.31887968E-01  1.54587764E+00
  2.32886415E-01  1.54657164E+00
  2.33884962E-01  1.54726659E+00
  2.34883609E-01  1.54795635E+00
  2.35882356E-01  1.54864701E+00
  2.36881202E-01  1.54933262E+00
  2.37880149E-01  1.55001909E+00
  2.38879195E-01  1.55070064E+00
  2.39878341E-01  1.55138300E+00
  2.40877587E-01  1.55206057E+00
  2.41876933E-01  1.55273892E+00
  2.42876379E-01  1.55341259E+00
  2.43875925E-01  1.55408699E+00
  2.44875571E-01  1.55475685E+00
  2.45875317E-01  1.55542740E+00
  2.46875163E-01  1.55609351E+00
  2.47875109E-01  1.55676029E+00
  2.48875155E-01  1.55742273E+00
  2.49875300E-01  1.55808581E+00
  2.50875546E-01  1.55874466E+00
  2.51875892E-01  1.55940411E+00
  2.52876338E-01  1.56005945E+00
  2.53876884E-01  1.56071534E+00
  2.54877530E-01  1.56136722E+00
  2.55878276E-01  1.56201963E+00
  2.56879122E-01  1.56266813E+00
  2.57880069E-01  1.56331713E+00
  2.58881115E-01  1.56396231E+00
  2.59882262E-01  1.56460796E+00
  2.60883508E-01  1.56524988E+00
  2.61884855E-01  1.56589224E+00
  2.62886302E-01  1.56653098E+00
  2.63887849E-01  1.56717012E+00
  2.64889496E-01  1.56780572E+00
  2.65891243E-01  1.56844170E+00
  2.66893091E-01  1.56907423E+00
  2.67895039E-01  1.56970710E+00
  2.68897087E-01  1.57033662E+00
  2.69899235E-01  1.57096645E+00
  2.70901483E-01  1.57159301E+00
  2.71903832E-01  1.57221985E+00
  2.72906280E-01  1.57284350E+00
  2.73908830E-01  1.57346741E+00
  2.74911479E-01  1.57408821E+00
  2.75914229E-01  1.57470924E+00
  2.76917078E-01  1.57532723E+00
  2.77920029E-01  1.57594544E+00
  2.78923079E-01  1.57656068E+00
  2.79926230E-01  1.57717611E+00
  2.80929481E-01  1.57778865E+00
  2.81932832E-01  1.57840135E+00
  2.82936284E-01  1.57901123E+00
  2.83939836E-01  1.57962125E+00
  2.84943489E-01  1.58022852E+00
  2.85947242E-01  1.58083591E+00
  2.86951095E-01  1.58144061E+00
  2.87955049E-01  1.58204541E+00
  2.88959103E-01  1.58264759E+00
  2.89963257E-01  1.58324985E+00
  2.90967512E-01  1.58384954E+00
  2.91971867E-01  1.58444930E+00
  2.92976323E-01  1.58504656E+00
  2.93980879E-01  1.58564385E+00
  2.94985536E-01  1.58623871E+00
  2.95990293E-01  1.58683358E+00
  2.96995150E-01  1.58742608E+00
  2.98000109E-01  1.58801857E+00
  2.99005167E-01  1.58860875E+00
  3.00010326E-01  1.58919890E+00
  3.01015586E-01  1.58978678E+00
  3.02020946E-01  1.59037463E+00
  3.03026407E-01  1.59096026E+00
  3.04031968E-01  1.59154584E+00
  3.05037630E-01  1.59212926E+00
  3.06043392E-01  1.59271260E+00
  3.07049255E-01  1.59329383E+00
  3.08055219E-01  1.59387497E+00
  3.09061283E-01  1.59445406E+00
  3.10067447E-01  1.59503303E+00
  3.11073713E-01  1.59561000E+00
  3.12080079E-01  1.59618683E+00
  3.13086546E-01  1.59676171E+00
  3.14093113E-01  1.59733645E+00
  3.15099781E-01  1.59790927E+00
  3.16106549E-01  1.59848192E+00
  3.17113419E-01  1.59905272E+00
  3.18120389E-01  1.59962333E+00
  3.19127460E-01  1.60019212E+00
  3.20134631E-01  1.60076072E+00
  3.21141903E-01  1.60132753E+00
  3.22149276E-01  1.60189414E+00
  3.23156750E-01  1.60245901E+00
  3.24164324E-01  1.60302365E+00
  3.25171999E-01  1.60358660E+00
  3.26179775E-01  1.60414931E+00
  3.27187652E-01  1.60471036E+00
  3.28195629E-01  1.60527116E+00
  3.29203707E-01  1.60583033E+00
  3.30211887E-01  1.60638924E+00
  3.31220167E-01  1.60694657E+00
  3.32228547E-01  1.60750362E+00
  3.33237029E-01  1.60805911E+00
  3.34245611E-01  1.60861432E+00
  3.35254295E-01  1.60916801E+00
  3.36263079E-01  1.60972140E+00
  3.37271964E-01  1.61027331E+00
  3.38280950E-01  1.61082490E+00
  3.39290037E-01  1.61137504E+00
  3.40299225E-01  1.61192486E+00
  3.41308513E-01  1.61247325E+00
  3.42317903E-01  1.61302131E+00
  3.43327394E-01  1.61356798E+00
  3.44336985E-01  1.61411430E+00
  3.45346678E-01  1.61465927E+00
  3.46356471E-01  1.61520387E+00
  3.47366365E-01  1.61574714E+00
  3.48376361E-01  1.61629004E+00
  3.49386457E-01  1.61683164E+00
  3.50396655E-01  1.61737285E+00
  3.51406953E-01  1.61791279E+00
  3.52417353E-01  1.61845234E+00
  3.53427854E-01  1.61899064E+00
  3.54438455E-01  1.61952854E+00
  3.55449158E-01  1.62006521E+00
  3.56459962E-01  1.62060147E+00
  3.57470867E-01  1.62113653E+00
  3.58481872E-01  1.62167117E+00
  3.59492980E-01  1.62220463E+00
  3.60504188E-01  1.62273766E+00
  3.61515497E-01  1.62326954E+00
  3.62526907E-01  1.62380097E+00
  3.63538419E-01  1.62433128E+00
  3.64550032E-01  1.62486113E+00
  3.65561746E-01  1.62538988E+00
  3.66573561E-01  1.62591816E+00
  3.67585477E-01  1.62644536E+00
  3.68597495E-01  1.62697209E+00
  3.69609613E-01  1.62749775E+00
  3.70621833E-01  1.62802293E+00
  3.71634154E-01  1.62854706E+00
  3.72646577E-01  1.62907071E+00
  3.73659100E-01  1.62959332E+00
  3.74671725E-01  1.63011544E+00
  3.75684451E-01  1.63063655E+00
  3.76697279E-01  1.63115715E+00
  3.77710207E-01  1.63167677E+00
  3.78723237E-01  1.63219586E+00
  3.79736369E-01  1.63271398E+00
  3.80749601E-01  1.63323158E+00
  3.81762935E-01  1.63374822E+00
  3.82776370E-01  1.63426433E+00
  3.83789907E-01  1.63477950E+00
  3.84803545E-01  1.63529412E+00
  3.85817284E-01  1.63580782E+00
  3.86831125E-01  1.63632097E+00
  3.87845067E-01  1.63683321E+00
  3.88859111E-01  1.63734490E+00
  3.89873256E-01  1.63785568E+00
  3.90887502E-01  1.63836590E+00
  3.91901850E-01  1.63887523E+00
  3.92916299E-01  1.63938400E+00
  3.93930850E-01  1.63989189E+00
  3.94945502E-01  1.64039921E+00
  3.95960256E-01  1.64090566E+00
  3.96975111E-01  1.64141153E+00
  3.97990067E-01  1.64191655E+00
  3.99005125E-01  1.64242098E+00
  4.00020285E-01  1.64292457E+00
  4.01035546E-01  1.64342756E+00
  4.02050909E-01  1.64392972E+00
  4.03066373E-01  1.64443128E+00
  4.04081939E-01  1.64493202E+00
  4.05097606E-01  1.64543215E+00
  4.06113375E-01  1.64593146E+00
  4.07129245E-01  1.64643017E+00
  4.08145217E-01  1.64692807E+00
  4.09161291E-01  1.64742535E+00
  4.10177466E-01  1.64792183E+00
  4.11193743E-01  1.64841769E+00
  4.12210122E-01  1.64891276E+00
  4.13226602E-01  1.64940720E+00
  4.14243184E-01  1.64990085E+00
  4.15259867E-01  1.65039388E+00
  4.16276652E-01  1.65088612E+00
  4.17293539E-01  1.65137772E+00
  4.18310528E-01  1.65186855E+00
  4.19327618E-01  1.65235874E+00
  4.20344810E-01  1.65284816E+00
  4.21362103E-01  1.65333694E+00
  4.22379499E-01  1.65382494E+00
  4.23396996E-01  1.65431230E+00
  4.24414595E-01  1.65479890E+00
  4.25432296E-01  1.65528484E+00
  4.26450098E-01  1.65577003E+00
  4.27468002E-01  1.65625455E+00
  4.28486008E-01  1.65673833E+00
  4.29504116E-01  1.65722144E+00
  4.30522326E-01  1.65770379E+00
  4.31540637E-01  1.65818549E+00
  4.32559051E-01  1.65866643E+00
  4.33577566E-01  1.65914670E+00
  4.34596183E-01  1.65962623E+00
  4.35614902E-01  1.66010508E+00
  4.36633722E-01  1.66058318E+00
  4.37652645E-01  1.66106061E+00
  4.38671670E-01  1.66153730E+00
  4.39690796E-01  1.66201330E+00
  4.40710024E-01  1.66248856E+00
  4.41729355E-01  1.66296313E+00
  4.42748787E-01  1.66343697E+00
  4.43768321E-01  1.66391011E+00
  4.44787957E-01  1.66438251E+00
  4.45807695E-01  1.66485422E+00
  4.46827535E-01  1.66532519E+00
  4.47847477E-01  1.66579547E+00
  4.48867522E-01  1.66626500E+00
  4.49887668E-01  1.66673383E+00
  4.50907916E-01  1.66720193E+00
  4.51928266E-01  1.66766932E+00
  4.52948718E-01  1.66813597E+00
  4.53969272E-01  1.66860190E+00
  4.54989929E-01  1.66906711E+00
  4.56010687E-01  1.66953159E+00
  4.57031547E-01  1.66999534E+00
  4.58052510E-01  1.67045837E+00
  4.59073574E-01  1.67092066E+00
  4.60094741E-01  1.67138223E+00
  4.61116010E-01  1.67184306E+00
  4.62137381E-01  1.67230316E+00
  4.63158854E-01  1.67276252E+00
  4.64180429E-01  1.67322116E+00
  4.65202107E-01  1.67367905E+00
  4.66223887E-01  1.67413620E+00
  4.67245768E-01  1.67459261E+00
  4.68267752E-01  1.67504829E+00
  4.69289839E-01  1.67550321E+00
  4.70312027E-01  1.67595740E+00
  4.71334318E-01  1.67641084E+00
  4.72356710E-01  1.67686353E+00
  4.73379206E-01  1.67731548E+00
  4.74401803E-01  1.67776667E+00
  4.75424503E-01  1.67821712E+00
  4.76447305E-01  1.67866681E+00
  4.77470209E-01  1.67911574E+00
  4.78493215E-01  1.67956392E+00
  4.79516324E-01  1.68001135E+00
  4.80539535E-01  1.68045801E+00
  4.81562849E-01  1.68090391E+00
  4.82586264E-01  1.68134906E+00
  4.83609782E-01  1.68179343E+00
  4.84633403E-01  1.68223704E+00
  4.85657126E-01  1.68267989E+00
  4.86680951E-01  1.68312196E+00
  4.87704879E-01  1.68356327E+00
  4.88728909E-01  1.68400380E+00
  4.89753041E-01  1.68444356E+00
  4.90777276E-01  1.68488254E+00
  4.91801613E-01  1.68532074E+00
  4.92826053E-01  1.68575817E+00
  4.93850595E-01  1.68619481E+00
  4.94875240E-01  1.68663067E+00
  4.95899987E-01  1.68706575E+00
  4.96924836E-01  1.68750003E+00
  4.97949788E-01  1.68793353E+00
  4.98974843E-01  1.68836624E+00
  5.00000000E-01  1.68879816E+00
  5.01025157E-01  1.68922924E+00
  5.02050212E-01  1.68965944E+00
  5.03075164E-01  1.69008876E+00
  5.04100013E-01  1.69051719E+00
  5.05124760E-01  1.69094474E+00
  5.06149405E-01  1.69137140E+00
  5.07173947E-01  1.69179717E+00
  5.08198387E-01  1.69222205E+00
  5.09222724E-01  1.69264604E+00
  5.10246959E-01  1.69306913E+00
  5.11271091E-01  1.69349133E+00
  5.12295121E-01  1.69391264E+00
  5.13319049E-01  1.69433305E+00
  5.14342874E-01  1.69475256E+00
  5.15366597E-01  1.69517117E+00
  5.16390218E-01  1.69558888E+00
  5.17413736E-01  1.69600568E+00
  5.18437151E-01  1.69642158E+00
  5.19460465E-01  1.69683658E+00
  5.20483676E-01  1.69725067E+00
  5.21506785E-01  1.69766385E+00
  5.22529791E-01  1.69807611E+00
  5.23552695E-01  1.69848747E+00
  5.24575497E-01  1.69889791E+00
  5.25598197E-01  1.69930744E+00
  5.26620794E-01  1.69971605E+00
  5.27643290E-01  1.70012375E+00
  5.28665682E-01  1.70053052E+00
  5.29687973E-01  1.70093638E+00
  5.30710161E-01  1.70134131E+00
  5.31732248E-01  1.70174531E+00
  5.32754232E-01  1.70214840E+00
  5.33776113E-01  1.70255055E+00
  5.34797893E-01  1.70295178E+00
  5.35819571E-01  1.70335207E+00
  5.36841146E-01  1.70375144E+00
  5.37862619E-01  1.70414987E+00
  5.38883990E-01  1.70454737E+00
  5.39905259E-01  1.70494393E+00
  5.40926426E-01  1.70533956E+00
  5.41947490E-01  1.70573424E+00
  5.42968453E-01  1.70612799E+00
  5.43989313E-01  1.70652079E+00
  5.45010071E-01  1.70691265E+00
  5.46030728E-01  1.70730356E+00
  5.47051282E-01  1.70769353E+00
  5.48071734E-01  1.70808254E+00
  5.49092084E-01  1.70847061E+00
  5.50112332E-01  1.70885772E+00
  5.51132478E-01  1.70924389E+00
  5.52152523E-01  1.70962910E+00
  5.53172465E-01  1.71001336E+00
  5.54192305E-01  1.71039664E+00
  5.55212043E-01  1.71077899E+00
  5.56231679E-01  1.71116036E+00
  5.57251213E-01  1.71154078E+00
  5.58270645E-01  1.71192022E+00
  5.59289976E-01  1.71229871E+00
  5.60309204E-01  1.71267622E+00
  5.61328330E-01  1.71305278E+00
  5.62347355E-01  1.71342834E+00
  5.63366278E-01  1.71380296E+00
  5.64385098E-01  1.71417658E+00
  5.65403817E-01  1.71454926E+00
  5.66422434E-01  1.71492092E+00
  5.67440949E-01  1.71529164E+00
  5.68459363E-01  1.71566135E+00
  5.69477674E-01  1.71603011E+00
  5.70495884E-01  1.71639786E+00
  5.71513992E-01  1.71676465E+00
  5.72531998E-01  1.71713042E+00
  5.73549902E-01  1.71749524E+00
  5.74567704E-01  1.71785904E+00
  5.75585405E-01  1.71822188E+00
  5.76603004E-01  1.71858369E+00
  5.77620501E-01  1.71894455E+00
  5.78637897E-01  1.71930437E+00
  5.79655190E-01  1.71966323E+00
  5.80672382E-01  1.72002106E+00
  5.81689472E-01  1.72037792E+00
  5.82706461E-01  1.72073374E+00
  5.83723348E-01  1.72108860E+00
  5.84740133E-01  1.72144241E+00
  5.85756816E-01  1.72179526E+00
  5.86773398E-01  1.72214705E+00
  5.87789878E-01  1.72249788E+00
  5.88806257E-01  1.72284765E+00
  5.89822534E-01  1.72319646E+00
  5.90838709E-01  1.72354419E+00
  5.91854783E-01  1.72389097E+00
  5.92870755E-01  1.72423666E+00
  5.93886625E-01  1.72458140E+00
  5.94902394E-01  1.72492505E+00
  5.95918061E-01  1.72526774E+00
  5.96933627E-01  1.72560933E+00
  5.97949091E-01  1.72594998E+00
  5.98964454E-01  1.72628951E+00
  5.99979715E-01  1.72662809E+00
  6.00994875E-01  1.72696556E+00
  6.02009933E-01  1.72730207E+00
  6.03024889E-01  1.72763746E+00
  6.04039744E-01  1.72797190E+00
  6.05054498E-01  1.72830520E+00
  6.06069150E-01  1.72863756E+00
  6.07083701E-01  1.72896878E+00
  6.08098150E-01  1.72929904E+00
  6.09112498E-01  1.72962816E+00
  6.10126744E-01  1.72995633E+00
  6.11140889E-01  1.73028334E+00
  6.12154933E-01  1.73060940E+00
  6.13168875E-01  1.73093429E+00
  6.14182716E-01  1.73125824E+00
  6.15196455E-01  1.73158101E+00
  6.16210093E-01  1.73190284E+00
  6.17223630E-01  1.73222347E+00
  6.18237065E-01  1.73254317E+00
  6.19250399E-01  1.73286166E+00
  6.20263631E-01  1.73317921E+00
  6.21276763E-01  1.73349556E+00
  6.22289793E-01  1.73381096E+00
  6.23302721E-01  1.73412514E+00
  6.24315549E-01  1.73443839E+00
  6.25328275E-01  1.73475040E+00
  6.26340900E-01  1.73506147E+00
  6.27353423E-01  1.73537130E+00
  6.28365846E-01  1.73568020E+00
  6.29378167E-01  1.73598784E+00
  6.30390387E-01  1.73629455E+00
  6.31402505E-01  1.73659999E+00
  6.32414523E-01  1.73690449E+00
  6.33426439E-01  1.73720772E+00
  6.34438254E-01  1.73751002E+00
  6.35449968E-01  1.73781102E+00
  6.36461581E-01  1.73811109E+00
  6.37473093E-01  1.73840986E+00
  6.38484503E-01  1.73870770E+00
  6.39495812E-01  1.73900422E+00
  6.40507020E-01  1.73929981E+00
  6.41518128E-01  1.73959408E+00
  6.42529133E-01  1.73988741E+00
  6.43540038E-01  1.74017940E+00
  6.44550842E-01  1.74047046E+00
  6.45561545E-01  1.74076016E+00
  6.46572146E-01  1.74104893E+00
  6.47582647E-01  1.74133634E+00
  6.48593047E-01  1.74162281E+00
  6.49603345E-01  1.74190790E+00
  6.50613543E-01  1.74219205E+00
  6.51623639E-01  1.74247482E+00
  6.52633635E-01  1.74275664E+00
  6.53643529E-01  1.74303706E+00
  6.54653322E-01  1.74331654E+00
  6.55663015E-01  1.74359459E+00
  6.56672606E-01  1.74387170E+00
  6.57682097E-01  1.74414738E+00
  6.58691487E-01  1.74442211E+00
  6.59700775E-01  1.74469539E+00
  6.60709963E-01  1.74496773E+00
  6.61719050E-01  1.74523859E+00
  6.62728036E-01  1.74550851E+00
  6.63736921E-01  1.74577694E+00
  6.64745705E-01  1.74604442E+00
  6.65754389E-01  1.74631039E+00
  6.66762971E-01  1.74657542E+00
  6.67771453E-01  1.74683891E+00
  6.68779833E-01  1.74710146E+00
  6.69788113E-01  1.74736245E+00
  6.70796293E-01  1.74762250E+00
  6.71804371E-01  1.74788097E+00
  6.72812348E-01  1.74813849E+00
  6.73820225E-01  1.74839442E+00
  6.74828001E-01  1.74864938E+00
  6.75835676E-01  1.74890274E+00
  6.76843250E-01  1.74915513E+00
  6.77850724E-01  1.74940589E+00
  6.78858097E-01  1.74965568E+00
  6.79865369E-01  1.74990381E+00
  6.80872540E-01  1.75015096E+00
  6.81879611E-01  1.75039644E+00
  6.82886581E-01  1.75064093E+00
  6.83893451E-01  1.75088372E+00
  6.84900219E-01  1.75112551E+00
  6.85906887E-01  1.75136558E+00
  6.86913454E-01  1.75160465E+00
  6.87919921E-01  1.75184196E+00
  6.88926287E-01  1.75207826E+00
  6.89932553E-01  1.75231279E+00
  6.90938717E-01  1.75254629E+00
  6.91944781E-01  1.75277799E+00
  6.92950745E-01  1.75300865E+00
  6.93956608E-01  1.75323748E+00
  6.94962370E-01  1.75346525E+00
  6.95968032E-01  1.75369118E+00
  6.96973593E-01  1.75391602E+00
  6.97979054E-01  1.75413899E+00
  6.98984414E-01  1.75436086E+00
  6.99989674E-01  1.75458083E+00
  7.00994833E-01  1.75479968E+00
  7.01999891E-01  1.75501659E+00
  7.03004850E-01  1.75523236E+00
  7.04009707E-01  1.75544617E+00
  7.05014464E-01  1.75565881E+00
  7.06019121E-01  1.75586945E+00
  7.07023677E-01  1.75607891E+00
  7.08028133E-01  1.75628632E+00
  7.09032488E-01  1.75649253E+00
  7.10036743E-01  1.75669665E+00
  7.11040897E-01  1.75689954E+00
  7.12044951E-01  1.75710030E+00
  7.13048905E-01  1.75729980E+00
  7.14052758E-01  1.75749714E+00
  7.15056511E-01  1.75769317E+00
  7.16060164E-01  1.75788699E+00
  7.17063716E-01  1.75807948E+00
  7.18067168E-01  1.75826970E+00
  7.19070519E-01  1.75845855E+00
  7.20073770E-01  1.75864509E+00
  7.21076921E-01  1.75883021E+00
  7.22079971E-01  1.75901297E+00
  7.23082922E-01  1.75919426E+00
  7.24085771E-01  1.75937313E+00
  7.25088521E-01  1.75955048E+00
  7.26091170E-01  1.75972534E+00
  7.27093720E-01  1.75989863E+00
  7.28096168E-01  1.76006937E+00
  7.29098517E-01  1.76023846E+00
  7.30100765E-01  1.76040494E+00
  7.31102913E-01  1.76056970E+00
  7.32104961E-01  1.76073177E+00
  7.33106909E-01  1.76089204E+00
  7.34108757E-01  1.76104954E+00
  7.35110504E-01  1.76120515E+00
  7.36112151E-01  1.76135790E+00
  7.37113698E-01  1.76150867E+00
  7.38115145E-01  1.76165647E+00
  7.39116492E-01  1.76180217E+00
  7.40117738E-01  1.76194480E+00
  7.41118885E-01  1.76208521E+00
  7.42119931E-01  1.76222242E+00
  7.43120878E-01  1.76235726E+00
  7.44121724E-01  1.76248877E+00
  7.45122470E-01  1.76261775E+00
  7.46123116E-01  1.76274323E+00
  7.47123662E-01  1.76286598E+00
  7.48124108E-01  1.76298505E+00
  7.49124454E-01  1.76310117E+00
  7.50124700E-01  1.76321340E+00
  7.51124845E-01  1.76332239E+00
  7.52124891E-01  1.76342723E+00
  7.53124837E-01  1.76352850E+00
  7.54124683E-01  1.76362528E+00
  7.55124429E-01  1.76371808E+00
  7.56124075E-01  1.76380596E+00
  7.57123621E-01  1.76388931E+00
  7.58123067E-01  1.76396714E+00
  7.59122413E-01  1.76403966E+00
  7.60121659E-01  1.76410580E+00
  7.61120805E-01  1.76416541E+00
  7.62119851E-01  1.76421711E+00
  7.63118798E-01  1.76425995E+00
  7.64117644E-01  1.76429115E+00
  7.65116391E-01  1.76430460E+00
  7.66115038E-01  1.76427847E+00
  7.67113585E-01  1.76423706E+00
  7.68112032E-01  1.76418701E+00
  7.69110379E-01  1.76412812E+00
  7.70108626E-01  1.76406224E+00
  7.71106774E-01  1.76398935E+00
  7.72104821E-01  1.76391061E+00
  7.73102769E-01  1.76382572E+00
  7.74100618E-01  1.76373575E+00
  7.75098366E-01  1.76364013E+00
  7.76096015E-01  1.76353998E+00
  7.77093563E-01  1.76343454E+00
  7.78091012E-01  1.76332496E+00
  7.79088362E-01  1.76321035E+00
  7.80085611E-01  1.76309193E+00
  7.81082761E-01  1.76296866E+00
  7.82079812E-01  1.76284184E+00
  7.83076762E-01  1.76271029E+00
  7.84073613E-01  1.76257543E+00
  7.85070364E-01  1.76243593E+00
  7.86067015E-01  1.76229331E+00
  7.87063567E-01  1.76214613E+00
  7.88060019E-01  1.76199599E+00
  7.89056372E-01  1.76184133E+00
  7.90052625E-01  1.76168387E+00
  7.91048778E-01  1.76152191E+00
  7.92044832E-01  1.76135729E+00
  7.93040786E-01  1.76118818E+00
  7.94036640E-01  1.76101653E+00
  7.95032395E-01  1.76084039E+00
  7.96028050E-01  1.76066183E+00
  7.97023606E-01  1.76047875E+00
  7.98019062E-01  1.76029337E+00
  7.99014419E-01  1.76010344E+00
  8.00009676E-01  1.75991130E+00
  8.01004834E-01  1.75971458E+00
  8.01999892E-01  1.75951574E+00
  8.02994850E-01  1.75931229E+00
  8.03989709E-01  1.75910680E+00
  8.04984469E-01  1.75889663E+00
  8.05979129E-01  1.75868453E+00
  8.06973690E-01  1.75846768E+00
  8.07968151E-01  1.75824897E+00
  8.08962513E-01  1.75802545E+00
  8.09956775E-01  1.75780015E+00
  8.10950938E-01  1.75756996E+00
  8.11945002E-01  1.75733807E+00
  8.12938966E-01  1.75710120E+00
  8.13932831E-01  1.75686271E+00
  8.14926596E-01  1.75661914E+00
  8.15920262E-01  1.75637402E+00
  8.16913828E-01  1.75612374E+00
  8.17907296E-01  1.75587197E+00
  8.18900664E-01  1.75561493E+00
  8.19893932E-01  1.75535648E+00
  8.20887102E-01  1.75509263E+00
  8.21880172E-01  1.75482745E+00
  8.22873142E-01  1.75455676E+00
  8.23866014E-01  1.75428480E+00
  8.24858786E-01  1.75400720E+00
  8.25851458E-01  1.75372840E+00
  8.26844032E-01  1.75344382E+00
  8.27836506E-01  1.75315812E+00
  8.28828881E-01  1.75286649E+00
  8.29821157E-01  1.75257381E+00
  8.30813334E-01  1.75227505E+00
  8.31805411E-01  1.75197531E+00
  8.32797389E-01  1.75166932E+00
  8.33789268E-01  1.75136243E+00
  8.34781048E-01  1.75104913E+00
  8.35772729E-01  1.75073499E+00
  8.36764310E-01  1.75041427E+00
  8.37755793E-01  1.75009278E+00
  8.38747176E-01  1.74976452E+00
  8.39738460E-01  1.74943557E+00
  8.40729645E-01  1.74909965E+00
  8.41720730E-01  1.74876312E+00
  8.42711717E-01  1.74841941E+00
  8.43702605E-01  1.74807516E+00
  8.44693393E-01  1.74772353E+00
  8.45684083E-01  1.74737143E+00
  8.46674673E-01  1.74701172E+00
  8.47665164E-01  1.74665164E+00
  8.48655557E-01  1.74628369E+00
  8.49645850E-01  1.74591546E+00
  8.50636044E-01  1.74553911E+00
  8.51626139E-01  1.74516257E+00
  8.52616136E-01  1.74477765E+00
  8.53606033E-01  1.74439262E+00
  8.54595831E-01  1.74399894E+00
  8.55585530E-01  1.74360524E+00
  8.56575131E-01  1.74320260E+00
  8.57564632E-01  1.74280003E+00
  8.58554034E-01  1.74238823E+00
  8.59543338E-01  1.74197659E+00
  8.60532542E-01  1.74155540E+00
  8.61521648E-01  1.74113447E+00
  8.62510655E-01  1.74070366E+00
  8.63499563E-01  1.74027322E+00
  8.64488371E-01  1.73983254E+00
  8.65477082E-01  1.73939235E+00
  8.66465693E-01  1.73894154E+00
  8.67454205E-01  1.73849133E+00
  8.68442619E-01  1.73803012E+00
  8.69430933E-01  1.73756963E+00
  8.70419149E-01  1.73709773E+00
  8.71407266E-01  1.73662668E+00
  8.72395284E-01  1.73614378E+00
  8.73383204E-01  1.73566186E+00
  8.74371024E-01  1.73516765E+00
  8.75358746E-01  1.73467455E+00
  8.76346369E-01  1.73416867E+00
  8.77333893E-01  1.73366405E+00
  8.78321319E-01  1.73314616E+00
  8.79308646E-01  1.73262967E+00
  8.80295874E-01  1.73209938E+00
  8.81283003E-01  1.73157065E+00
  8.82270034E-01  1.73102756E+00
  8.83256966E-01  1.73048619E+00
  8.84243799E-01  1.72992987E+00
  8.85230534E-01  1.72937545E+00
  8.86217170E-01  1.72880546E+00
  8.87203707E-01  1.72823754E+00
  8.88190146E-01  1.72765339E+00
  8.89176486E-01  1.72707151E+00
  8.90162727E-01  1.72647270E+00
  8.91148870E-01  1.72587637E+00
  8.92134914E-01  1.72526236E+00
  8.93120859E-01  1.72465105E+00
  8.94106706E-01  1.72402128E+00
  8.95092455E-01  1.72339443E+00
  8.96078105E-01  1.72274829E+00
  8.97063656E-01  1.72210532E+00
  8.98049108E-01  1.72144217E+00
  8.99034463E-01  1.72078244E+00
  9.00019718E-01  1.72010159E+00
  9.01004875E-01  1.71942444E+00
  9.01989934E-01  1.71872517E+00
  9.02974894E-01  1.71802988E+00
  9.03959756E-01  1.71731142E+00
  9.04944519E-01  1.71659724E+00
  9.05929183E-01  1.71585876E+00
  9.06913750E-01  1.71512488E+00
  9.07898217E-01  1.71436548E+00
  9.08882587E-01  1.71361104E+00
  9.09866857E-01  1.71282978E+00
  9.10851030E-01  1.71205385E+00
  9.11835104E-01  1.71124973E+00
  9.12819079E-01  1.71045132E+00
  9.13802957E-01  1.70962323E+00
  9.14786735E-01  1.70880129E+00
  9.15770416E-01  1.70794807E+00
  9.16753998E-01  1.70710144E+00
  9.17737482E-01  1.70622183E+00
  9.18720867E-01  1.70534930E+00
  9.19704154E-01  1.70444194E+00
  9.20687343E-01  1.70354218E+00
  9.21670433E-01  1.70260560E+00
  9.22653426E-01  1.70167718E+00
  9.23636319E-01  1.70070980E+00
  9.24619115E-01  1.69975117E+00
  9.25601812E-01  1.69875126E+00
  9.26584411E-01  1.69776075E+00
  9.27566912E-01  1.69672644E+00
  9.28549315E-01  1.69570222E+00
  9.29531619E-01  1.69463146E+00
  9.30513825E-01  1.69357155E+00
  9.31495933E-01  1.69246212E+00
  9.32477942E-01  1.69136433E+00
  9.33459854E-01  1.69021380E+00
  9.34441667E-01  1.68907576E+00
  9.35423382E-01  1.68788143E+00
  9.36404999E-01  1.68670052E+00
  9.37386518E-01  1.68545943E+00
  9.38367938E-01  1.68423277E+00
  9.39349261E-01  1.68294166E+00
  9.40330485E-01  1.68166605E+00
  9.41311611E-01  1.68032129E+00
  9.42292639E-01  1.67899318E+00
  9.43273570E-01  1.67759073E+00
  9.44254401E-01  1.67620616E+00
  9.45235135E-01  1.67474148E+00
  9.46215771E-01  1.67329603E+00
  9.47196309E-01  1.67176404E+00
  9.48176748E-01  1.67025270E+00
  9.49157090E-01  1.66864766E+00
  9.50137334E-01  1.66706479E+00
  9.51117479E-01  1.66538017E+00
  9.52097527E-01  1.66371934E+00
  9.53077476E-01  1.66194769E+00
  9.54057328E-01  1.66020153E+00
  9.55037082E-01  1.65833428E+00
  9.56016737E-01  1.65649431E+00
  9.56996295E-01  1.65452156E+00
  9.57975755E-01  1.65257794E+00
  9.58955116E-01  1.65048814E+00
  9.59934380E-01  1.64842934E+00
  9.60913546E-01  1.64620891E+00
  9.61892614E-01  1.64402136E+00
  9.62871584E-01  1.64165423E+00
  9.63850457E-01  1.63932175E+00
  9.64829231E-01  1.63678866E+00
  9.65807907E-01  1.63429181E+00
  9.66786486E-01  1.63156947E+00
  9.67764967E-01  1.62888460E+00
  9.68743350E-01  1.62594455E+00
  9.69721635E-01  1.62304254E+00
  9.70699822E-01  1.61984946E+00
  9.71677911E-01  1.61669399E+00
  9.72655903E-01  1.61320347E+00
  9.73633797E-01  1.60974847E+00
  9.74611593E-01  1.60590375E+00
  9.75589291E-01  1.60208983E+00
  9.76566892E-01  1.59781698E+00
  9.77544394E-01  1.59356603E+00
  9.78521799E-01  1.58876671E+00
  9.79499107E-01  1.58397361E+00
  9.80476316E-01  1.57851376E+00
  9.81453428E-01  1.57303328E+00
  9.82430442E-01  1.56672477E+00
  9.83407359E-01  1.56034992E+00
  9.84384177E-01  1.55291968E+00
  9.85360899E-01  1.54534425E+00
  9.86337522E-01  1.53637927E+00
  9.87314048E-01  1.52712949E+00
  9.88290476E-01  1.51597315E+00
  9.89266806E-01  1.50427447E+00
  9.90243039E-01  1.48981667E+00
  9.91219174E-01  1.47431364E+00
  9.92195212E-01  1.45453013E+00
  9.93171152E-01  1.43264574E+00
  9.94146994E-01  1.40350666E+00
  9.95122739E-01  1.36988449E+00
  9.96098386E-01  1.32282935E+00
  9.97073936E-01  1.26619730E+00
  9.98049388E-01  1.18731411E+00
  9.99024743E-01  1.09769235E+00
  1.00000000E+00  1.00000000E+00
