 ######################################################################
 #Data for Case=           6
 #   ALPHA,             N,       ITERATIONS, VW,          UMAX ,       UAVG,           UTAU1,          UTAU2    
  #  9.99999975E-05    1001     10000  8.59000015E+00  8.64970789E+00  7.24552477E+00  3.04622052E-01  3.98170966E-02
 ######################################################################
 # YPAD(I)/H,     U(I)/VW	
  0.00000000E+00  0.00000000E+00
  9.75257087E-04  4.72212275E-02
  1.95061171E-03  9.38848657E-02
  2.92606386E-03  1.40509832E-01
  3.90161357E-03  1.81638329E-01
  4.87726084E-03  2.23048298E-01
  5.85300568E-03  2.53421056E-01
  6.82884809E-03  2.85309130E-01
  7.80478810E-03  3.06887795E-01
  8.78082571E-03  3.30497012E-01
  9.75696092E-03  3.46477363E-01
  1.07331938E-02  3.64251104E-01
  1.17095242E-02  3.76642711E-01
  1.26859523E-02  3.90437958E-01
  1.36624781E-02  4.00411314E-01
  1.46391015E-02  4.11451954E-01
  1.56158225E-02  4.19717046E-01
  1.65926413E-02  4.28795991E-01
  1.75695577E-02  4.35806679E-01
  1.85465718E-02  4.43446659E-01
  1.95236837E-02  4.49506769E-01
  2.05008932E-02  4.56061863E-01
  2.14782005E-02  4.61382712E-01
  2.24556055E-02  4.67099678E-01
  2.34331083E-02  4.71832982E-01
  2.44107088E-02  4.76888471E-01
  2.53884071E-02  4.81146101E-01
  2.63662031E-02  4.85669701E-01
  2.73440970E-02  4.89536052E-01
  2.83220886E-02  4.93624929E-01
  2.93001780E-02  4.97164936E-01
  3.02783653E-02  5.00893377E-01
  3.12566504E-02  5.04157873E-01
  3.22350333E-02  5.07583670E-01
  3.32135140E-02  5.10613055E-01
  3.41920926E-02  5.13781867E-01
  3.51707691E-02  5.16608692E-01
  3.61495434E-02  5.19557099E-01
  3.71284157E-02  5.22207904E-01
  3.81073858E-02  5.24965580E-01
  3.90864538E-02  5.27462248E-01
  4.00656197E-02  5.30053537E-01
  4.10448836E-02  5.32414285E-01
  4.20242454E-02  5.34859365E-01
  4.30037051E-02  5.37099501E-01
  4.39832628E-02  5.39415253E-01
  4.49629184E-02  5.41547742E-01
  4.59426720E-02  5.43748410E-01
  4.69225236E-02  5.45784317E-01
  4.79024731E-02  5.47882015E-01
  4.88825207E-02  5.49830853E-01
  4.98626663E-02  5.51835956E-01
  5.08429099E-02  5.53705951E-01
  5.18232515E-02  5.55627406E-01
  5.28036912E-02  5.57425719E-01
  5.37842289E-02  5.59271289E-01
  5.47648647E-02  5.61004185E-01
  5.57455986E-02  5.62780645E-01
  5.67264305E-02  5.64453634E-01
  5.77073605E-02  5.66166926E-01
  5.86883886E-02  5.67784881E-01
  5.96695148E-02  5.69440244E-01
  6.06507392E-02  5.71007490E-01
  6.16320616E-02  5.72609566E-01
  6.26134822E-02  5.74129960E-01
  6.35950010E-02  5.75682879E-01
  6.45766179E-02  5.77159874E-01
  6.55583330E-02  5.78667325E-01
  6.65401462E-02  5.80104024E-01
  6.75220576E-02  5.81569317E-01
  6.85040673E-02  5.82968518E-01
  6.94861751E-02  5.84394631E-01
  7.04683812E-02  5.85758867E-01
  7.14506854E-02  5.87148490E-01
  7.24330880E-02  5.88480061E-01
  7.34155887E-02  5.89835631E-01
  7.43981877E-02  5.91136630E-01
  7.53808850E-02  5.92460364E-01
  7.63636806E-02  5.93732702E-01
  7.73465744E-02  5.95026620E-01
  7.83295665E-02  5.96272048E-01
  7.93126570E-02  5.97537995E-01
  8.02958457E-02  5.98758119E-01
  8.12791328E-02  5.99997789E-01
  8.22625182E-02  6.01194087E-01
  8.32460019E-02  6.02409035E-01
  8.42295840E-02  6.03582870E-01
  8.52132645E-02  6.04774528E-01
  8.61970433E-02  6.05927160E-01
  8.71809206E-02  6.07096849E-01
  8.81648962E-02  6.08229446E-01
  8.91489702E-02  6.09378390E-01
  9.01331426E-02  6.10492034E-01
  9.11174135E-02  6.11621365E-01
  9.21017828E-02  6.12717063E-01
  9.30862505E-02  6.13827835E-01
  9.40708167E-02  6.14906525E-01
  9.50554813E-02  6.15999716E-01
  9.60402444E-02  6.17062273E-01
  9.70251060E-02  6.18138797E-01
  9.80100661E-02  6.19186038E-01
  9.89951247E-02  6.20246746E-01
  9.99802818E-02  6.21279437E-01
  1.00965537E-01  6.22325126E-01
  1.01950892E-01  6.23343985E-01
  1.02936344E-01  6.24375400E-01
  1.03921895E-01  6.25381100E-01
  1.04907545E-01  6.26398942E-01
  1.05893294E-01  6.27392115E-01
  1.06879141E-01  6.28397040E-01
  1.07865086E-01  6.29378283E-01
  1.08851130E-01  6.30370909E-01
  1.09837273E-01  6.31340782E-01
  1.10823514E-01  6.32321691E-01
  1.11809854E-01  6.33280725E-01
  1.12796293E-01  6.34250464E-01
  1.13782830E-01  6.35199159E-01
  1.14769466E-01  6.36158246E-01
  1.15756201E-01  6.37097075E-01
  1.16743034E-01  6.38045999E-01
  1.17729966E-01  6.38975408E-01
  1.18716997E-01  6.39914631E-01
  1.19704126E-01  6.40835045E-01
  1.20691354E-01  6.41765005E-01
  1.21678681E-01  6.42676826E-01
  1.22666107E-01  6.43597938E-01
  1.23653631E-01  6.44501547E-01
  1.24641254E-01  6.45414204E-01
  1.25628976E-01  6.46309963E-01
  1.26616796E-01  6.47214538E-01
  1.27604716E-01  6.48102793E-01
  1.28592734E-01  6.48999641E-01
  1.29580851E-01  6.49880719E-01
  1.30569067E-01  6.50770177E-01
  1.31557381E-01  6.51644390E-01
  1.32545795E-01  6.52526780E-01
  1.33534307E-01  6.53394425E-01
  1.34522918E-01  6.54270052E-01
  1.35511629E-01  6.55131413E-01
  1.36500437E-01  6.56000568E-01
  1.37489345E-01  6.56855916E-01
  1.38478352E-01  6.57718878E-01
  1.39467458E-01  6.58568470E-01
  1.40456662E-01  6.59425503E-01
  1.41445966E-01  6.60269587E-01
  1.42435368E-01  6.61120945E-01
  1.43424869E-01  6.61959756E-01
  1.44414470E-01  6.62805680E-01
  1.45404169E-01  6.63639444E-01
  1.46393967E-01  6.64480166E-01
  1.47383864E-01  6.65309098E-01
  1.48373861E-01  6.66144839E-01
  1.49363956E-01  6.66969147E-01
  1.50354150E-01  6.67800118E-01
  1.51344443E-01  6.68619999E-01
  1.52334836E-01  6.69446404E-01
  1.53325327E-01  6.70262047E-01
  1.54315917E-01  6.71084079E-01
  1.55306607E-01  6.71895668E-01
  1.56297395E-01  6.72713513E-01
  1.57288283E-01  6.73521221E-01
  1.58279270E-01  6.74335058E-01
  1.59270355E-01  6.75139052E-01
  1.60261540E-01  6.75949052E-01
  1.61252824E-01  6.76749493E-01
  1.62244207E-01  6.77555821E-01
  1.63235690E-01  6.78352862E-01
  1.64227271E-01  6.79155675E-01
  1.65218952E-01  6.79949466E-01
  1.66210732E-01  6.80748915E-01
  1.67202611E-01  6.81539598E-01
  1.68194589E-01  6.82335829E-01
  1.69186666E-01  6.83123539E-01
  1.70178843E-01  6.83916692E-01
  1.71171119E-01  6.84701563E-01
  1.72163494E-01  6.85491771E-01
  1.73155968E-01  6.86273928E-01
  1.74148542E-01  6.87061322E-01
  1.75141214E-01  6.87840887E-01
  1.76133986E-01  6.88625590E-01
  1.77126858E-01  6.89402680E-01
  1.78119828E-01  6.90184812E-01
  1.79112898E-01  6.90959540E-01
  1.80106068E-01  6.91739215E-01
  1.81099336E-01  6.92511690E-01
  1.82092704E-01  6.93289020E-01
  1.83086172E-01  6.94059344E-01
  1.84079738E-01  6.94834436E-01
  1.85073404E-01  6.95602712E-01
  1.86067169E-01  6.96375666E-01
  1.87061034E-01  6.97141990E-01
  1.88054998E-01  6.97912907E-01
  1.89049062E-01  6.98677373E-01
  1.90043225E-01  6.99446347E-01
  1.91037487E-01  7.00209044E-01
  1.92031849E-01  7.00976168E-01
  1.93026310E-01  7.01737182E-01
  1.94020871E-01  7.02502543E-01
  1.95015531E-01  7.03261959E-01
  1.96010291E-01  7.04025643E-01
  1.97005150E-01  7.04783540E-01
  1.98000108E-01  7.05545628E-01
  1.98995166E-01  7.06302084E-01
  1.99990324E-01  7.07062655E-01
  2.00985581E-01  7.07817745E-01
  2.01980938E-01  7.08576876E-01
  2.02976394E-01  7.09330672E-01
  2.03971950E-01  7.10088436E-01
  2.04967605E-01  7.10841007E-01
  2.05963360E-01  7.11597474E-01
  2.06959214E-01  7.12348887E-01
  2.07955168E-01  7.13104126E-01
  2.08951222E-01  7.13854444E-01
  2.09947375E-01  7.14608521E-01
  2.10943628E-01  7.15357808E-01
  2.11939981E-01  7.16110785E-01
  2.12936433E-01  7.16859100E-01
  2.13932985E-01  7.17611039E-01
  2.14929636E-01  7.18358440E-01
  2.15926387E-01  7.19109399E-01
  2.16923238E-01  7.19855942E-01
  2.17920188E-01  7.20605977E-01
  2.18917239E-01  7.21351715E-01
  2.19914389E-01  7.22100882E-01
  2.20911638E-01  7.22845866E-01
  2.21908988E-01  7.23594217E-01
  2.22906437E-01  7.24338498E-01
  2.23903985E-01  7.25086083E-01
  2.24901634E-01  7.25829707E-01
  2.25899382E-01  7.26576577E-01
  2.26897231E-01  7.27319591E-01
  2.27895179E-01  7.28065790E-01
  2.28893226E-01  7.28808238E-01
  2.29891374E-01  7.29553813E-01
  2.30889621E-01  7.30295738E-01
  2.31887968E-01  7.31040733E-01
  2.32886415E-01  7.31782175E-01
  2.33884962E-01  7.32526630E-01
  2.34883609E-01  7.33267631E-01
  2.35882356E-01  7.34011587E-01
  2.36881202E-01  7.34752183E-01
  2.37880149E-01  7.35495679E-01
  2.38879195E-01  7.36235906E-01
  2.39878341E-01  7.36978979E-01
  2.40877587E-01  7.37718874E-01
  2.41876933E-01  7.38461560E-01
  2.42876379E-01  7.39201155E-01
  2.43875925E-01  7.39943488E-01
  2.44875571E-01  7.40682816E-01
  2.45875317E-01  7.41424830E-01
  2.46875163E-01  7.42163921E-01
  2.47875109E-01  7.42905648E-01
  2.48875155E-01  7.43644533E-01
  2.49875300E-01  7.44386002E-01
  2.50875546E-01  7.45124709E-01
  2.51875892E-01  7.45865950E-01
  2.52876338E-01  7.46604507E-01
  2.53876884E-01  7.47345548E-01
  2.54877530E-01  7.48083981E-01
  2.55878276E-01  7.48824849E-01
  2.56879122E-01  7.49563182E-01
  2.57880069E-01  7.50303902E-01
  2.58881115E-01  7.51042161E-01
  2.59882262E-01  7.51782758E-01
  2.60883508E-01  7.52520965E-01
  2.61884855E-01  7.53261463E-01
  2.62886302E-01  7.53999639E-01
  2.63887849E-01  7.54740061E-01
  2.64889496E-01  7.55478228E-01
  2.65891243E-01  7.56218594E-01
  2.66893091E-01  7.56956772E-01
  2.67895039E-01  7.57697103E-01
  2.68897087E-01  7.58435311E-01
  2.69899235E-01  7.59175627E-01
  2.70901483E-01  7.59913883E-01
  2.71903832E-01  7.60654203E-01
  2.72906280E-01  7.61392524E-01
  2.73908830E-01  7.62132865E-01
  2.74911479E-01  7.62871267E-01
  2.75914229E-01  7.63611647E-01
  2.76917078E-01  7.64350146E-01
  2.77920029E-01  7.65090580E-01
  2.78923079E-01  7.65829191E-01
  2.79926230E-01  7.66569695E-01
  2.80929481E-01  7.67308431E-01
  2.81932832E-01  7.68049019E-01
  2.82936284E-01  7.68787895E-01
  2.83939836E-01  7.69528580E-01
  2.84943489E-01  7.70267607E-01
  2.85947242E-01  7.71008403E-01
  2.86951095E-01  7.71747593E-01
  2.87955049E-01  7.72488512E-01
  2.88959103E-01  7.73227876E-01
  2.89963257E-01  7.73968930E-01
  2.90967512E-01  7.74708477E-01
  2.91971867E-01  7.75449676E-01
  2.92976323E-01  7.76189418E-01
  2.93980879E-01  7.76930772E-01
  2.94985536E-01  7.77670717E-01
  2.95990293E-01  7.78412236E-01
  2.96995150E-01  7.79152392E-01
  2.98000109E-01  7.79894085E-01
  2.99005167E-01  7.80634460E-01
  3.00010326E-01  7.81376335E-01
  3.01015586E-01  7.82116935E-01
  3.02020946E-01  7.82859000E-01
  3.03026407E-01  7.83599834E-01
  3.04031968E-01  7.84342095E-01
  3.05037630E-01  7.85083167E-01
  3.06043392E-01  7.85825632E-01
  3.07049255E-01  7.86566949E-01
  3.08055219E-01  7.87309623E-01
  3.09061283E-01  7.88051189E-01
  3.10067447E-01  7.88794077E-01
  3.11073713E-01  7.89535897E-01
  3.12080079E-01  7.90279005E-01
  3.13086546E-01  7.91021082E-01
  3.14093113E-01  7.91764415E-01
  3.15099781E-01  7.92506753E-01
  3.16106549E-01  7.93250314E-01
  3.17113419E-01  7.93992916E-01
  3.18120389E-01  7.94736708E-01
  3.19127460E-01  7.95479577E-01
  3.20134631E-01  7.96223605E-01
  3.21141903E-01  7.96966742E-01
  3.22149276E-01  7.97711007E-01
  3.23156750E-01  7.98454415E-01
  3.24164324E-01  7.99198919E-01
  3.25171999E-01  7.99942600E-01
  3.26179775E-01  8.00687345E-01
  3.27187652E-01  8.01431298E-01
  3.28195629E-01  8.02176286E-01
  3.29203707E-01  8.02920513E-01
  3.30211887E-01  8.03665744E-01
  3.31220167E-01  8.04410245E-01
  3.32228547E-01  8.05155720E-01
  3.33237029E-01  8.05900494E-01
  3.34245611E-01  8.06646214E-01
  3.35254295E-01  8.07391261E-01
  3.36263079E-01  8.08137226E-01
  3.37271964E-01  8.08882545E-01
  3.38280950E-01  8.09628754E-01
  3.39290037E-01  8.10374344E-01
  3.40299225E-01  8.11120796E-01
  3.41308513E-01  8.11866655E-01
  3.42317903E-01  8.12613350E-01
  3.43327394E-01  8.13359477E-01
  3.44336985E-01  8.14106413E-01
  3.45346678E-01  8.14852805E-01
  3.46356471E-01  8.15599981E-01
  3.47366365E-01  8.16346637E-01
  3.48376361E-01  8.17094050E-01
  3.49386457E-01  8.17840966E-01
  3.50396655E-01  8.18588615E-01
  3.51406953E-01  8.19335789E-01
  3.52417353E-01  8.20083670E-01
  3.53427854E-01  8.20831099E-01
  3.54438455E-01  8.21579211E-01
  3.55449158E-01  8.22326891E-01
  3.56459962E-01  8.23075231E-01
  3.57470867E-01  8.23823158E-01
  3.58481872E-01  8.24571722E-01
  3.59492980E-01  8.25319894E-01
  3.60504188E-01  8.26068679E-01
  3.61515497E-01  8.26817091E-01
  3.62526907E-01  8.27566093E-01
  3.63538419E-01  8.28314741E-01
  3.64550032E-01  8.29063957E-01
  3.65561746E-01  8.29812836E-01
  3.66573561E-01  8.30562263E-01
  3.67585477E-01  8.31311368E-01
  3.68597495E-01  8.32061001E-01
  3.69609613E-01  8.32810328E-01
  3.70621833E-01  8.33560162E-01
  3.71634154E-01  8.34309707E-01
  3.72646577E-01  8.35059738E-01
  3.73659100E-01  8.35809496E-01
  3.74671725E-01  8.36559719E-01
  3.75684451E-01  8.37309683E-01
  3.76697279E-01  8.38060095E-01
  3.77710207E-01  8.38810261E-01
  3.78723237E-01  8.39560855E-01
  3.79736369E-01  8.40311217E-01
  3.80749601E-01  8.41061989E-01
  3.81762935E-01  8.41812543E-01
  3.82776370E-01  8.42563487E-01
  3.83789907E-01  8.43314226E-01
  3.84803545E-01  8.44065338E-01
  3.85817284E-01  8.44816256E-01
  3.86831125E-01  8.45567530E-01
  3.87845067E-01  8.46318621E-01
  3.88859111E-01  8.47070052E-01
  3.89873256E-01  8.47821311E-01
  3.90887502E-01  8.48572893E-01
  3.91901850E-01  8.49324313E-01
  3.92916299E-01  8.50076041E-01
  3.93930850E-01  8.50827617E-01
  3.94945502E-01  8.51579484E-01
  3.95960256E-01  8.52331209E-01
  3.96975111E-01  8.53083210E-01
  3.97990067E-01  8.53835078E-01
  3.99005125E-01  8.54587208E-01
  4.00020285E-01  8.55339212E-01
  4.01035546E-01  8.56091464E-01
  4.02050909E-01  8.56843598E-01
  4.03066373E-01  8.57595966E-01
  4.04081939E-01  8.58348224E-01
  4.05097606E-01  8.59100703E-01
  4.06113375E-01  8.59853078E-01
  4.07129245E-01  8.60605661E-01
  4.08145217E-01  8.61358148E-01
  4.09161291E-01  8.62110829E-01
  4.10177466E-01  8.62863419E-01
  4.11193743E-01  8.63616193E-01
  4.12210122E-01  8.64368881E-01
  4.13226602E-01  8.65121740E-01
  4.14243184E-01  8.65874520E-01
  4.15259867E-01  8.66627459E-01
  4.16276652E-01  8.67380324E-01
  4.17293539E-01  8.68133336E-01
  4.18310528E-01  8.68886280E-01
  4.19327618E-01  8.69639360E-01
  4.20344810E-01  8.70392374E-01
  4.21362103E-01  8.71145516E-01
  4.22379499E-01  8.71898596E-01
  4.23396996E-01  8.72651793E-01
  4.24414595E-01  8.73404931E-01
  4.25432296E-01  8.74158177E-01
  4.26450098E-01  8.74911368E-01
  4.27468002E-01  8.75664657E-01
  4.28486008E-01  8.76417894E-01
  4.29504116E-01  8.77171219E-01
  4.30522326E-01  8.77924496E-01
  4.31540637E-01  8.78677851E-01
  4.32559051E-01  8.79431161E-01
  4.33577566E-01  8.80184542E-01
  4.34596183E-01  8.80937878E-01
  4.35614902E-01  8.81691277E-01
  4.36633722E-01  8.82444634E-01
  4.37652645E-01  8.83198046E-01
  4.38671670E-01  8.83951417E-01
  4.39690796E-01  8.84704835E-01
  4.40710024E-01  8.85458214E-01
  4.41729355E-01  8.86211633E-01
  4.42748787E-01  8.86965014E-01
  4.43768321E-01  8.87718429E-01
  4.44787957E-01  8.88471805E-01
  4.45807695E-01  8.89225209E-01
  4.46827535E-01  8.89978575E-01
  4.47847477E-01  8.90731962E-01
  4.48867522E-01  8.91485313E-01
  4.49887668E-01  8.92238678E-01
  4.50907916E-01  8.92992006E-01
  4.51928266E-01  8.93745343E-01
  4.52948718E-01  8.94498644E-01
  4.53969272E-01  8.95251948E-01
  4.54989929E-01  8.96005216E-01
  4.56010687E-01  8.96758481E-01
  4.57031547E-01  8.97511710E-01
  4.58052510E-01  8.98264931E-01
  4.59073574E-01  8.99018115E-01
  4.60094741E-01  8.99771287E-01
  4.61116010E-01  9.00524421E-01
  4.62137381E-01  9.01277539E-01
  4.63158854E-01  9.02030618E-01
  4.64180429E-01  9.02783677E-01
  4.65202107E-01  9.03536695E-01
  4.66223887E-01  9.04289690E-01
  4.67245768E-01  9.05042643E-01
  4.68267752E-01  9.05795568E-01
  4.69289839E-01  9.06548450E-01
  4.70312027E-01  9.07301301E-01
  4.71334318E-01  9.08054108E-01
  4.72356710E-01  9.08806881E-01
  4.73379206E-01  9.09559608E-01
  4.74401803E-01  9.10312297E-01
  4.75424503E-01  9.11064939E-01
  4.76447305E-01  9.11817541E-01
  4.77470209E-01  9.12570094E-01
  4.78493215E-01  9.13322603E-01
  4.79516324E-01  9.14075063E-01
  4.80539535E-01  9.14827476E-01
  4.81562849E-01  9.15579838E-01
  4.82586264E-01  9.16332150E-01
  4.83609782E-01  9.17084410E-01
  4.84633403E-01  9.17836619E-01
  4.85657126E-01  9.18588773E-01
  4.86680951E-01  9.19340873E-01
  4.87704879E-01  9.20092917E-01
  4.88728909E-01  9.20844905E-01
  4.89753041E-01  9.21596836E-01
  4.90777276E-01  9.22348709E-01
  4.91801613E-01  9.23100523E-01
  4.92826053E-01  9.23852276E-01
  4.93850595E-01  9.24603969E-01
  4.94875240E-01  9.25355601E-01
  4.95899987E-01  9.26107170E-01
  4.96924836E-01  9.26858676E-01
  4.97949788E-01  9.27610119E-01
  4.98974843E-01  9.28361496E-01
  5.00000000E-01  9.29112809E-01
  5.01025157E-01  9.29850837E-01
  5.02050212E-01  9.30551073E-01
  5.03075164E-01  9.31224194E-01
  5.04100013E-01  9.31869205E-01
  5.05124760E-01  9.32488861E-01
  5.06149405E-01  9.33084241E-01
  5.07173947E-01  9.33657048E-01
  5.08198387E-01  9.34208359E-01
  5.09222724E-01  9.34739569E-01
  5.10246959E-01  9.35251587E-01
  5.11271091E-01  9.35745612E-01
  5.12295121E-01  9.36222404E-01
  5.13319049E-01  9.36683009E-01
  5.14342874E-01  9.37128064E-01
  5.15366597E-01  9.37558488E-01
  5.16390218E-01  9.37974821E-01
  5.17413736E-01  9.38377876E-01
  5.18437151E-01  9.38768110E-01
  5.19460465E-01  9.39146249E-01
  5.20483676E-01  9.39512682E-01
  5.21506785E-01  9.39868061E-01
  5.22529791E-01  9.40212719E-01
  5.23552695E-01  9.40547243E-01
  5.24575497E-01  9.40871919E-01
  5.25598197E-01  9.41187281E-01
  5.26620794E-01  9.41493573E-01
  5.27643290E-01  9.41791282E-01
  5.28665682E-01  9.42080620E-01
  5.29687973E-01  9.42362031E-01
  5.30710161E-01  9.42635698E-01
  5.31732248E-01  9.42902030E-01
  5.32754232E-01  9.43161185E-01
  5.33776113E-01  9.43413538E-01
  5.34797893E-01  9.43659228E-01
  5.35819571E-01  9.43898602E-01
  5.36841146E-01  9.44131781E-01
  5.37862619E-01  9.44359084E-01
  5.38883990E-01  9.44580617E-01
  5.39905259E-01  9.44796679E-01
  5.40926426E-01  9.45007360E-01
  5.41947490E-01  9.45212939E-01
  5.42968453E-01  9.45413495E-01
  5.43989313E-01  9.45609287E-01
  5.45010071E-01  9.45800383E-01
  5.46030728E-01  9.45987028E-01
  5.47051282E-01  9.46169280E-01
  5.48071734E-01  9.46347367E-01
  5.49092084E-01  9.46521340E-01
  5.50112332E-01  9.46691415E-01
  5.51132478E-01  9.46857634E-01
  5.52152523E-01  9.47020199E-01
  5.53172465E-01  9.47179148E-01
  5.54192305E-01  9.47334671E-01
  5.55212043E-01  9.47486800E-01
  5.56231679E-01  9.47635714E-01
  5.57251213E-01  9.47781440E-01
  5.58270645E-01  9.47924147E-01
  5.59289976E-01  9.48063860E-01
  5.60309204E-01  9.48200736E-01
  5.61328330E-01  9.48334796E-01
  5.62347355E-01  9.48466189E-01
  5.63366278E-01  9.48594934E-01
  5.64385098E-01  9.48721171E-01
  5.65403817E-01  9.48844915E-01
  5.66422434E-01  9.48966299E-01
  5.67440949E-01  9.49085336E-01
  5.68459363E-01  9.49202152E-01
  5.69477674E-01  9.49316757E-01
  5.70495884E-01  9.49429270E-01
  5.71513992E-01  9.49539699E-01
  5.72531998E-01  9.49648158E-01
  5.73549902E-01  9.49754652E-01
  5.74567704E-01  9.49859289E-01
  5.75585405E-01  9.49962073E-01
  5.76603004E-01  9.50063106E-01
  5.77620501E-01  9.50162391E-01
  5.78637897E-01  9.50260025E-01
  5.79655190E-01  9.50356008E-01
  5.80672382E-01  9.50450433E-01
  5.81689472E-01  9.50543300E-01
  5.82706461E-01  9.50634696E-01
  5.83723348E-01  9.50724620E-01
  5.84740133E-01  9.50813156E-01
  5.85756816E-01  9.50900300E-01
  5.86773398E-01  9.50986132E-01
  5.87789878E-01  9.51070650E-01
  5.88806257E-01  9.51153927E-01
  5.89822534E-01  9.51235961E-01
  5.90838709E-01  9.51316822E-01
  5.91854783E-01  9.51396506E-01
  5.92870755E-01  9.51475081E-01
  5.93886625E-01  9.51552543E-01
  5.94902394E-01  9.51628954E-01
  5.95918061E-01  9.51704311E-01
  5.96933627E-01  9.51778673E-01
  5.97949091E-01  9.51852036E-01
  5.98964454E-01  9.51924457E-01
  5.99979715E-01  9.51995931E-01
  6.00994875E-01  9.52066511E-01
  6.02009933E-01  9.52136194E-01
  6.03024889E-01  9.52205028E-01
  6.04039744E-01  9.52273011E-01
  6.05054498E-01  9.52340189E-01
  6.06069150E-01  9.52406558E-01
  6.07083701E-01  9.52472162E-01
  6.08098150E-01  9.52536998E-01
  6.09112498E-01  9.52601108E-01
  6.10126744E-01  9.52664487E-01
  6.11140889E-01  9.52727175E-01
  6.12154933E-01  9.52789168E-01
  6.13168875E-01  9.52850504E-01
  6.14182716E-01  9.52911178E-01
  6.15196455E-01  9.52971226E-01
  6.16210093E-01  9.53030644E-01
  6.17223630E-01  9.53089465E-01
  6.18237065E-01  9.53147686E-01
  6.19250399E-01  9.53205337E-01
  6.20263631E-01  9.53262417E-01
  6.21276763E-01  9.53318952E-01
  6.22289793E-01  9.53374941E-01
  6.23302721E-01  9.53430411E-01
  6.24315549E-01  9.53485360E-01
  6.25328275E-01  9.53539811E-01
  6.26340900E-01  9.53593765E-01
  6.27353423E-01  9.53647242E-01
  6.28365846E-01  9.53700244E-01
  6.29378167E-01  9.53752790E-01
  6.30390387E-01  9.53804882E-01
  6.31402505E-01  9.53856535E-01
  6.32414523E-01  9.53907754E-01
  6.33426439E-01  9.53958553E-01
  6.34438254E-01  9.54008936E-01
  6.35449968E-01  9.54058915E-01
  6.36461581E-01  9.54108495E-01
  6.37473093E-01  9.54157688E-01
  6.38484503E-01  9.54206498E-01
  6.39495812E-01  9.54254935E-01
  6.40507020E-01  9.54303006E-01
  6.41518128E-01  9.54350718E-01
  6.42529133E-01  9.54398078E-01
  6.43540038E-01  9.54445092E-01
  6.44550842E-01  9.54491769E-01
  6.45561545E-01  9.54538112E-01
  6.46572146E-01  9.54584132E-01
  6.47582647E-01  9.54629829E-01
  6.48593047E-01  9.54675215E-01
  6.49603345E-01  9.54720290E-01
  6.50613543E-01  9.54765067E-01
  6.51623639E-01  9.54809543E-01
  6.52633635E-01  9.54853733E-01
  6.53643529E-01  9.54897631E-01
  6.54653322E-01  9.54941255E-01
  6.55663015E-01  9.54984597E-01
  6.56672606E-01  9.55027674E-01
  6.57682097E-01  9.55070479E-01
  6.58691487E-01  9.55113029E-01
  6.59700775E-01  9.55155316E-01
  6.60709963E-01  9.55197359E-01
  6.61719050E-01  9.55239146E-01
  6.62728036E-01  9.55280698E-01
  6.63736921E-01  9.55322002E-01
  6.64745705E-01  9.55363081E-01
  6.65754389E-01  9.55403919E-01
  6.66762971E-01  9.55444541E-01
  6.67771453E-01  9.55484930E-01
  6.68779833E-01  9.55525110E-01
  6.69788113E-01  9.55565065E-01
  6.70796293E-01  9.55604819E-01
  6.71804371E-01  9.55644354E-01
  6.72812348E-01  9.55683698E-01
  6.73820225E-01  9.55722828E-01
  6.74828001E-01  9.55761775E-01
  6.75835676E-01  9.55800514E-01
  6.76843250E-01  9.55839078E-01
  6.77850724E-01  9.55877440E-01
  6.78858097E-01  9.55915634E-01
  6.79865369E-01  9.55953632E-01
  6.80872540E-01  9.55991469E-01
  6.81879611E-01  9.56029117E-01
  6.82886581E-01  9.56066610E-01
  6.83893451E-01  9.56103919E-01
  6.84900219E-01  9.56141081E-01
  6.85906887E-01  9.56178063E-01
  6.86913454E-01  9.56214906E-01
  6.87919921E-01  9.56251574E-01
  6.88926287E-01  9.56288109E-01
  6.89932553E-01  9.56324474E-01
  6.90938717E-01  9.56360713E-01
  6.91944781E-01  9.56396788E-01
  6.92950745E-01  9.56432742E-01
  6.93956608E-01  9.56468537E-01
  6.94962370E-01  9.56504217E-01
  6.95968032E-01  9.56539743E-01
  6.96973593E-01  9.56575161E-01
  6.97979054E-01  9.56610430E-01
  6.98984414E-01  9.56645596E-01
  6.99989674E-01  9.56680617E-01
  7.00994833E-01  9.56715543E-01
  7.01999891E-01  9.56750327E-01
  7.03004850E-01  9.56785022E-01
  7.04009707E-01  9.56819580E-01
  7.05014464E-01  9.56854055E-01
  7.06019121E-01  9.56888398E-01
  7.07023677E-01  9.56922663E-01
  7.08028133E-01  9.56956799E-01
  7.09032488E-01  9.56990865E-01
  7.10036743E-01  9.57024806E-01
  7.11040897E-01  9.57058682E-01
  7.12044951E-01  9.57092438E-01
  7.13048905E-01  9.57126135E-01
  7.14052758E-01  9.57159714E-01
  7.15056511E-01  9.57193242E-01
  7.16060164E-01  9.57226656E-01
  7.17063716E-01  9.57260023E-01
  7.18067168E-01  9.57293282E-01
  7.19070519E-01  9.57326500E-01
  7.20073770E-01  9.57359612E-01
  7.21076921E-01  9.57392690E-01
  7.22079971E-01  9.57425666E-01
  7.23082922E-01  9.57458614E-01
  7.24085771E-01  9.57491464E-01
  7.25088521E-01  9.57524291E-01
  7.26091170E-01  9.57557024E-01
  7.27093720E-01  9.57589741E-01
  7.28096168E-01  9.57622368E-01
  7.29098517E-01  9.57654984E-01
  7.30100765E-01  9.57687513E-01
  7.31102913E-01  9.57720038E-01
  7.32104961E-01  9.57752481E-01
  7.33106909E-01  9.57784925E-01
  7.34108757E-01  9.57817290E-01
  7.35110504E-01  9.57849663E-01
  7.36112151E-01  9.57881961E-01
  7.37113698E-01  9.57914273E-01
  7.38115145E-01  9.57946513E-01
  7.39116492E-01  9.57978774E-01
  7.40117738E-01  9.58010967E-01
  7.41118885E-01  9.58043187E-01
  7.42119931E-01  9.58075343E-01
  7.43120878E-01  9.58107533E-01
  7.44121724E-01  9.58139662E-01
  7.45122470E-01  9.58171831E-01
  7.46123116E-01  9.58203944E-01
  7.47123662E-01  9.58236104E-01
  7.48124108E-01  9.58268210E-01
  7.49124454E-01  9.58300371E-01
  7.50124700E-01  9.58332482E-01
  7.51124845E-01  9.58364654E-01
  7.52124891E-01  9.58396781E-01
  7.53124837E-01  9.58428975E-01
  7.54124683E-01  9.58461129E-01
  7.55124429E-01  9.58493357E-01
  7.56124075E-01  9.58525548E-01
  7.57123621E-01  9.58557821E-01
  7.58123067E-01  9.58590061E-01
  7.59122413E-01  9.58622390E-01
  7.60121659E-01  9.58654691E-01
  7.61120805E-01  9.58687089E-01
  7.62119851E-01  9.58719462E-01
  7.63118798E-01  9.58751940E-01
  7.64117644E-01  9.58784397E-01
  7.65116391E-01  9.58816968E-01
  7.66115038E-01  9.58849522E-01
  7.67113585E-01  9.58882198E-01
  7.68112032E-01  9.58914862E-01
  7.69110379E-01  9.58947655E-01
  7.70108626E-01  9.58980442E-01
  7.71106774E-01  9.59013366E-01
  7.72104821E-01  9.59046289E-01
  7.73102769E-01  9.59079358E-01
  7.74100618E-01  9.59112430E-01
  7.75098366E-01  9.59145658E-01
  7.76096015E-01  9.59178894E-01
  7.77093563E-01  9.59212295E-01
  7.78091012E-01  9.59245709E-01
  7.79088362E-01  9.59279298E-01
  7.80085611E-01  9.59312905E-01
  7.81082761E-01  9.59346697E-01
  7.82079812E-01  9.59380513E-01
  7.83076762E-01  9.59414524E-01
  7.84073613E-01  9.59448564E-01
  7.85070364E-01  9.59482810E-01
  7.86067015E-01  9.59517091E-01
  7.87063567E-01  9.59551590E-01
  7.88060019E-01  9.59586130E-01
  7.89056372E-01  9.59620898E-01
  7.90052625E-01  9.59655713E-01
  7.91048778E-01  9.59690770E-01
  7.92044832E-01  9.59725879E-01
  7.93040786E-01  9.59761242E-01
  7.94036640E-01  9.59796666E-01
  7.95032395E-01  9.59832355E-01
  7.96028050E-01  9.59868112E-01
  7.97023606E-01  9.59904148E-01
  7.98019062E-01  9.59940259E-01
  7.99014419E-01  9.59976664E-01
  8.00009676E-01  9.60013150E-01
  8.01004834E-01  9.60049945E-01
  8.01999892E-01  9.60086830E-01
  8.02994850E-01  9.60124038E-01
  8.03989709E-01  9.60161345E-01
  8.04984469E-01  9.60198991E-01
  8.05979129E-01  9.60236744E-01
  8.06973690E-01  9.60274853E-01
  8.07968151E-01  9.60313078E-01
  8.08962513E-01  9.60351676E-01
  8.09956775E-01  9.60390401E-01
  8.10950938E-01  9.60429517E-01
  8.11945002E-01  9.60468768E-01
  8.12938966E-01  9.60508431E-01
  8.13932831E-01  9.60548240E-01
  8.14926596E-01  9.60588480E-01
  8.15920262E-01  9.60628877E-01
  8.16913828E-01  9.60669726E-01
  8.17907296E-01  9.60710744E-01
  8.18900664E-01  9.60752236E-01
  8.19893932E-01  9.60793910E-01
  8.20887102E-01  9.60836082E-01
  8.21880172E-01  9.60878448E-01
  8.22873142E-01  9.60921336E-01
  8.23866014E-01  9.60964432E-01
  8.24858786E-01  9.61008076E-01
  8.25851458E-01  9.61051944E-01
  8.26844032E-01  9.61096386E-01
  8.27836506E-01  9.61141068E-01
  8.28828881E-01  9.61186353E-01
  8.29821157E-01  9.61231893E-01
  8.30813334E-01  9.61278069E-01
  8.31805411E-01  9.61324516E-01
  8.32797389E-01  9.61371631E-01
  8.33789268E-01  9.61419036E-01
  8.34781048E-01  9.61467143E-01
  8.35772729E-01  9.61515561E-01
  8.36764310E-01  9.61564716E-01
  8.37755793E-01  9.61614203E-01
  8.38747176E-01  9.61664466E-01
  8.39738460E-01  9.61715083E-01
  8.40729645E-01  9.61766518E-01
  8.41720730E-01  9.61818330E-01
  8.42711717E-01  9.61871004E-01
  8.43702605E-01  9.61924081E-01
  8.44693393E-01  9.61978065E-01
  8.45684083E-01  9.62032480E-01
  8.46674673E-01  9.62087852E-01
  8.47665164E-01  9.62143683E-01
  8.48655557E-01  9.62200524E-01
  8.49645850E-01  9.62257856E-01
  8.50636044E-01  9.62316255E-01
  8.51626139E-01  9.62375178E-01
  8.52616136E-01  9.62435227E-01
  8.53606033E-01  9.62495837E-01
  8.54595831E-01  9.62557638E-01
  8.55585530E-01  9.62620037E-01
  8.56575131E-01  9.62683697E-01
  8.57564632E-01  9.62747998E-01
  8.58554034E-01  9.62813633E-01
  8.59543338E-01  9.62879953E-01
  8.60532542E-01  9.62947687E-01
  8.61521648E-01  9.63016155E-01
  8.62510655E-01  9.63086122E-01
  8.63499563E-01  9.63156874E-01
  8.64488371E-01  9.63229218E-01
  8.65477082E-01  9.63302404E-01
  8.66465693E-01  9.63377280E-01
  8.67454205E-01  9.63453059E-01
  8.68442619E-01  9.63530634E-01
  8.69430933E-01  9.63609178E-01
  8.70419149E-01  9.63689633E-01
  8.71407266E-01  9.63771130E-01
  8.72395284E-01  9.63854660E-01
  8.73383204E-01  9.63939310E-01
  8.74371024E-01  9.64026128E-01
  8.75358746E-01  9.64114149E-01
  8.76346369E-01  9.64204482E-01
  8.77333893E-01  9.64296111E-01
  8.78321319E-01  9.64390209E-01
  8.79308646E-01  9.64485702E-01
  8.80295874E-01  9.64583834E-01
  8.81283003E-01  9.64683469E-01
  8.82270034E-01  9.64785927E-01
  8.83256966E-01  9.64890006E-01
  8.84243799E-01  9.64997108E-01
  8.85230534E-01  9.65105960E-01
  8.86217170E-01  9.65218051E-01
  8.87203707E-01  9.65332032E-01
  8.88190146E-01  9.65449489E-01
  8.89176486E-01  9.65568988E-01
  8.90162727E-01  9.65692219E-01
  8.91148870E-01  9.65817659E-01
  8.92134914E-01  9.65947109E-01
  8.93120859E-01  9.66078951E-01
  8.94106706E-01  9.66215106E-01
  8.95092455E-01  9.66353851E-01
  8.96078105E-01  9.66497239E-01
  8.97063656E-01  9.66643433E-01
  8.98049108E-01  9.66794629E-01
  8.99034463E-01  9.66948867E-01
  9.00019718E-01  9.67108497E-01
  9.01004875E-01  9.67271425E-01
  9.01989934E-01  9.67440170E-01
  9.02974894E-01  9.67612493E-01
  9.03959756E-01  9.67791093E-01
  9.04944519E-01  9.67973574E-01
  9.05929183E-01  9.68162833E-01
  9.06913750E-01  9.68356301E-01
  9.07898217E-01  9.68557087E-01
  9.08882587E-01  9.68762440E-01
  9.09866857E-01  9.68975695E-01
  9.10851030E-01  9.69193900E-01
  9.11835104E-01  9.69420639E-01
  9.12819079E-01  9.69652740E-01
  9.13802957E-01  9.69894052E-01
  9.14786735E-01  9.70141167E-01
  9.15770416E-01  9.70398219E-01
  9.16753998E-01  9.70661543E-01
  9.17737482E-01  9.70935578E-01
  9.18720867E-01  9.71216379E-01
  9.19704154E-01  9.71508712E-01
  9.20687343E-01  9.71808332E-01
  9.21670433E-01  9.72120346E-01
  9.22653426E-01  9.72440188E-01
  9.23636319E-01  9.72773327E-01
  9.24619115E-01  9.73114850E-01
  9.25601812E-01  9.73470602E-01
  9.26584411E-01  9.73835306E-01
  9.27566912E-01  9.74215193E-01
  9.28549315E-01  9.74604598E-01
  9.29531619E-01  9.75010150E-01
  9.30513825E-01  9.75425776E-01
  9.31495933E-01  9.75858507E-01
  9.32477942E-01  9.76301843E-01
  9.33459854E-01  9.76763214E-01
  9.34441667E-01  9.77235685E-01
  9.35423382E-01  9.77727069E-01
  9.36404999E-01  9.78229990E-01
  9.37386518E-01  9.78752622E-01
  9.38367938E-01  9.79287151E-01
  9.39349261E-01  9.79842074E-01
  9.40330485E-01  9.80409150E-01
  9.41311611E-01  9.80997146E-01
  9.42292639E-01  9.81597420E-01
  9.43273570E-01  9.82218936E-01
  9.44254401E-01  9.82852686E-01
  9.45235135E-01  9.83507739E-01
  9.46215771E-01  9.84174773E-01
  9.47196309E-01  9.84862838E-01
  9.48176748E-01  9.85562369E-01
  9.49157090E-01  9.86282251E-01
  9.50137334E-01  9.87012757E-01
  9.51117479E-01  9.87762431E-01
  9.52097527E-01  9.88521487E-01
  9.53077476E-01  9.89297913E-01
  9.54057328E-01  9.90081986E-01
  9.55037082E-01  9.90880905E-01
  9.56016737E-01  9.91685136E-01
  9.56996295E-01  9.92500836E-01
  9.57975755E-01  9.93318799E-01
  9.58955116E-01  9.94143889E-01
  9.59934380E-01  9.94967369E-01
  9.60913546E-01  9.95792587E-01
  9.61892614E-01  9.96611419E-01
  9.62871584E-01  9.97425549E-01
  9.63850457E-01  9.98227599E-01
  9.64829231E-01  9.99017575E-01
  9.65807907E-01  9.99788977E-01
  9.66786486E-01  1.00054030E+00
  9.67764967E-01  1.00126605E+00
  9.68743350E-01  1.00196360E+00
  9.69721635E-01  1.00262859E+00
  9.70699822E-01  1.00324933E+00
  9.71677911E-01  1.00381674E+00
  9.72655903E-01  1.00433241E+00
  9.73633797E-01  1.00479828E+00
  9.74611593E-01  1.00521672E+00
  9.75589291E-01  1.00558854E+00
  9.76566892E-01  1.00591523E+00
  9.77544394E-01  1.00619688E+00
  9.78521799E-01  1.00643424E+00
  9.79499107E-01  1.00662702E+00
  9.80476316E-01  1.00677542E+00
  9.81453428E-01  1.00687901E+00
  9.82430442E-01  1.00693763E+00
  9.83407359E-01  1.00695084E+00
  9.84384177E-01  1.00691830E+00
  9.85360899E-01  1.00683969E+00
  9.86337522E-01  1.00671460E+00
  9.87314048E-01  1.00654286E+00
  9.88290476E-01  1.00632413E+00
  9.89266806E-01  1.00605838E+00
  9.90243039E-01  1.00574536E+00
  9.91219174E-01  1.00538515E+00
  9.92195212E-01  1.00497762E+00
  9.93171152E-01  1.00452292E+00
  9.94146994E-01  1.00402101E+00
  9.95122739E-01  1.00347204E+00
  9.96098386E-01  1.00287605E+00
  9.97073936E-01  1.00223314E+00
  9.98049388E-01  1.00154336E+00
  9.99024743E-01  1.00080678E+00
  1.00000000E+00  1.00000000E+00
