 ######################################################################
 #Data for Case=          15
 #   ALPHA,             N,       ITERATIONS, VW,          UMAX ,       UAVG,           UTAU1,          UTAU2    
  #  9.99999975E-05    1001      3996  0.00000000E+00  1.38070006E+01  1.25901562E+01  6.57291646E-01  6.59702744E-01
 ######################################################################
 # YPAD(I)/H,     U(I)/VW	
  0.00000000E+00  0.00000000E+00
  9.75257087E-04  1.36780644E-01
  1.95061171E-03  2.51078009E-01
  2.92606386E-03  3.66733973E-01
  3.90161357E-03  4.17346610E-01
  4.87726084E-03  4.80377151E-01
  5.85300568E-03  5.08214171E-01
  6.82884809E-03  5.44479865E-01
  7.80478810E-03  5.63271406E-01
  8.78082571E-03  5.86722044E-01
  9.75696092E-03  6.00687781E-01
  1.07331938E-02  6.17336564E-01
  1.17095242E-02  6.28321336E-01
  1.26859523E-02  6.40965343E-01
  1.36624781E-02  6.49951337E-01
  1.46391015E-02  6.60032589E-01
  1.56158225E-02  6.67601700E-01
  1.65926413E-02  6.75933729E-01
  1.75695577E-02  6.82455173E-01
  1.85465718E-02  6.89531688E-01
  1.95236837E-02  6.95251900E-01
  2.05008932E-02  7.01390540E-01
  2.14782005E-02  7.06480761E-01
  2.24556055E-02  7.11895767E-01
  2.34331083E-02  7.16479012E-01
  2.44107088E-02  7.21320593E-01
  2.53884071E-02  7.25487752E-01
  2.63662031E-02  7.29864683E-01
  2.73440970E-02  7.33684546E-01
  2.83220886E-02  7.37677784E-01
  2.93001780E-02  7.41203525E-01
  3.02783653E-02  7.44874753E-01
  3.12566504E-02  7.48148234E-01
  3.22350333E-02  7.51545423E-01
  3.32135140E-02  7.54600145E-01
  3.41920926E-02  7.57761275E-01
  3.51707691E-02  7.60624440E-01
  3.61495434E-02  7.63580063E-01
  3.71284157E-02  7.66274050E-01
  3.81073858E-02  7.69049092E-01
  3.90864538E-02  7.71592527E-01
  4.00656197E-02  7.74207583E-01
  4.10448836E-02  7.76616140E-01
  4.20242454E-02  7.79088424E-01
  4.30037051E-02  7.81375413E-01
  4.39832628E-02  7.83719461E-01
  4.49629184E-02  7.85896291E-01
  4.59426720E-02  7.88124493E-01
  4.69225236E-02  7.90201019E-01
  4.79024731E-02  7.92324027E-01
  4.88825207E-02  7.94308822E-01
  4.98626663E-02  7.96335866E-01
  5.08429099E-02  7.98236442E-01
  5.18232515E-02  8.00175572E-01
  5.28036912E-02  8.01998547E-01
  5.37842289E-02  8.03856835E-01
  5.47648647E-02  8.05608076E-01
  5.57455986E-02  8.07391766E-01
  5.67264305E-02  8.09076497E-01
  5.77073605E-02  8.10791138E-01
  5.86883886E-02  8.12414035E-01
  5.96695148E-02  8.14064576E-01
  6.06507392E-02  8.15629843E-01
  6.16320616E-02  8.17220722E-01
  6.26134822E-02  8.18732150E-01
  6.35950010E-02  8.20267365E-01
  6.45766179E-02  8.21728389E-01
  6.55583330E-02  8.23211551E-01
  6.65401462E-02  8.24625291E-01
  6.75220576E-02  8.26059676E-01
  6.85040673E-02  8.27428979E-01
  6.94861751E-02  8.28817568E-01
  7.04683812E-02  8.30145035E-01
  7.14506854E-02  8.31490549E-01
  7.24330880E-02  8.32778564E-01
  7.34155887E-02  8.34083495E-01
  7.43981877E-02  8.35334251E-01
  7.53808850E-02  8.36600883E-01
  7.63636806E-02  8.37816399E-01
  7.73465744E-02  8.39046837E-01
  7.83295665E-02  8.40228978E-01
  7.93126570E-02  8.41425161E-01
  8.02958457E-02  8.42575651E-01
  8.12791328E-02  8.43739373E-01
  8.22625182E-02  8.44859812E-01
  8.32460019E-02  8.45992732E-01
  8.42295840E-02  8.47084605E-01
  8.52132645E-02  8.48188264E-01
  8.61970433E-02  8.49252953E-01
  8.71809206E-02  8.50328782E-01
  8.81648962E-02  8.51367576E-01
  8.91489702E-02  8.52416909E-01
  9.01331426E-02  8.53431009E-01
  9.11174135E-02  8.54455089E-01
  9.21017828E-02  8.55445619E-01
  9.30862505E-02  8.56445607E-01
  9.40708167E-02  8.57413619E-01
  9.50554813E-02  8.58390602E-01
  9.60402444E-02  8.59337083E-01
  9.70251060E-02  8.60292077E-01
  9.80100661E-02  8.61217952E-01
  9.89951247E-02  8.62151913E-01
  9.99802818E-02  8.63058051E-01
  1.00965537E-01  8.63971875E-01
  1.01950892E-01  8.64859096E-01
  1.02936344E-01  8.65753625E-01
  1.03921895E-01  8.66622699E-01
  1.04907545E-01  8.67498727E-01
  1.05893294E-01  8.68350380E-01
  1.06879141E-01  8.69208655E-01
  1.07865086E-01  8.70043575E-01
  1.08851130E-01  8.70884801E-01
  1.09837273E-01  8.71703635E-01
  1.10823514E-01  8.72528479E-01
  1.11809854E-01  8.73331841E-01
  1.12796293E-01  8.74140932E-01
  1.13782830E-01  8.74929402E-01
  1.14769466E-01  8.75723337E-01
  1.15756201E-01  8.76497464E-01
  1.16743034E-01  8.77276807E-01
  1.17729966E-01  8.78037113E-01
  1.18716997E-01  8.78802398E-01
  1.19704126E-01  8.79549379E-01
  1.20691354E-01  8.80301113E-01
  1.21678681E-01  8.81035239E-01
  1.22666107E-01  8.81773905E-01
  1.23653631E-01  8.82495621E-01
  1.24641254E-01  8.83221676E-01
  1.25628976E-01  8.83931409E-01
  1.26616796E-01  8.84645289E-01
  1.27604716E-01  8.85343443E-01
  1.28592734E-01  8.86045561E-01
  1.29580851E-01  8.86732522E-01
  1.30569067E-01  8.87423273E-01
  1.31557381E-01  8.88099409E-01
  1.32545795E-01  8.88779169E-01
  1.33534307E-01  8.89444829E-01
  1.34522918E-01  8.90113956E-01
  1.35511629E-01  8.90769475E-01
  1.36500437E-01  8.91428312E-01
  1.37489345E-01  8.92074010E-01
  1.38478352E-01  8.92722883E-01
  1.39467458E-01  8.93359066E-01
  1.40456662E-01  8.93998286E-01
  1.41445966E-01  8.94625246E-01
  1.42435368E-01  8.95255111E-01
  1.43424869E-01  8.95873127E-01
  1.44414470E-01  8.96493924E-01
  1.45404169E-01  8.97103264E-01
  1.46393967E-01  8.97715264E-01
  1.47383864E-01  8.98316184E-01
  1.48373861E-01  8.98919649E-01
  1.49363956E-01  8.99512394E-01
  1.50354150E-01  9.00107575E-01
  1.51344443E-01  9.00692380E-01
  1.52334836E-01  9.01279517E-01
  1.53325327E-01  9.01856609E-01
  1.54315917E-01  9.02435931E-01
  1.55306607E-01  9.03005526E-01
  1.56297395E-01  9.03577254E-01
  1.57288283E-01  9.04139560E-01
  1.58279270E-01  9.04703906E-01
  1.59270355E-01  9.05259122E-01
  1.60261540E-01  9.05816291E-01
  1.61252824E-01  9.06364609E-01
  1.62244207E-01  9.06914794E-01
  1.63235690E-01  9.07456399E-01
  1.64227271E-01  9.07999789E-01
  1.65218952E-01  9.08534858E-01
  1.66210732E-01  9.09071634E-01
  1.67202611E-01  9.09600338E-01
  1.68194589E-01  9.10130672E-01
  1.69186666E-01  9.10653175E-01
  1.70178843E-01  9.11177235E-01
  1.71171119E-01  9.11693696E-01
  1.72163494E-01  9.12211642E-01
  1.73155968E-01  9.12722212E-01
  1.74148542E-01  9.13234200E-01
  1.75141214E-01  9.13739026E-01
  1.76133986E-01  9.14245205E-01
  1.77126858E-01  9.14744428E-01
  1.78119828E-01  9.15244941E-01
  1.79112898E-01  9.15738697E-01
  1.80106068E-01  9.16233683E-01
  1.81099336E-01  9.16722104E-01
  1.82092704E-01  9.17211696E-01
  1.83086172E-01  9.17694908E-01
  1.84079738E-01  9.18179235E-01
  1.85073404E-01  9.18657361E-01
  1.86067169E-01  9.19136546E-01
  1.87061034E-01  9.19609704E-01
  1.88054998E-01  9.20083868E-01
  1.89049062E-01  9.20552172E-01
  1.90043225E-01  9.21021430E-01
  1.91037487E-01  9.21484988E-01
  1.92031849E-01  9.21949452E-01
  1.93026310E-01  9.22408372E-01
  1.94020871E-01  9.22868150E-01
  1.95015531E-01  9.23322534E-01
  1.96010291E-01  9.23777728E-01
  1.97005150E-01  9.24227675E-01
  1.98000108E-01  9.24678388E-01
  1.98995166E-01  9.25123994E-01
  1.99990324E-01  9.25570322E-01
  2.00985581E-01  9.26011679E-01
  2.01980938E-01  9.26453716E-01
  2.02976394E-01  9.26890913E-01
  2.03971950E-01  9.27328750E-01
  2.04967605E-01  9.27761874E-01
  2.05963360E-01  9.28195598E-01
  2.06959214E-01  9.28624733E-01
  2.07955168E-01  9.29054429E-01
  2.08951222E-01  9.29479655E-01
  2.09947375E-01  9.29905406E-01
  2.10943628E-01  9.30326801E-01
  2.11939981E-01  9.30748685E-01
  2.12936433E-01  9.31166326E-01
  2.13932985E-01  9.31584420E-01
  2.14929636E-01  9.31998379E-01
  2.15926387E-01  9.32412758E-01
  2.16923238E-01  9.32823106E-01
  2.17920188E-01  9.33233841E-01
  2.18917239E-01  9.33640646E-01
  2.19914389E-01  9.34047807E-01
  2.20911638E-01  9.34451137E-01
  2.21908988E-01  9.34854790E-01
  2.22906437E-01  9.35254708E-01
  2.23903985E-01  9.35654919E-01
  2.24901634E-01  9.36051487E-01
  2.25899382E-01  9.36448319E-01
  2.26897231E-01  9.36841597E-01
  2.27895179E-01  9.37235111E-01
  2.28893226E-01  9.37625158E-01
  2.29891374E-01  9.38015412E-01
  2.30889621E-01  9.38402284E-01
  2.31887968E-01  9.38789336E-01
  2.32886415E-01  9.39173087E-01
  2.33884962E-01  9.39556992E-01
  2.34883609E-01  9.39937676E-01
  2.35882356E-01  9.40318487E-01
  2.36881202E-01  9.40696154E-01
  2.37880149E-01  9.41073924E-01
  2.38879195E-01  9.41448623E-01
  2.39878341E-01  9.41823401E-01
  2.40877587E-01  9.42195181E-01
  2.41876933E-01  9.42567015E-01
  2.42876379E-01  9.42935922E-01
  2.43875925E-01  9.43304860E-01
  2.44875571E-01  9.43670938E-01
  2.45875317E-01  9.44037025E-01
  2.46875163E-01  9.44400318E-01
  2.47875109E-01  9.44763598E-01
  2.48875155E-01  9.45124148E-01
  2.49875300E-01  9.45484663E-01
  2.50875546E-01  9.45842511E-01
  2.51875892E-01  9.46200302E-01
  2.52876338E-01  9.46555487E-01
  2.53876884E-01  9.46910594E-01
  2.54877530E-01  9.47263153E-01
  2.55878276E-01  9.47615615E-01
  2.56879122E-01  9.47965585E-01
  2.57880069E-01  9.48315439E-01
  2.58881115E-01  9.48662856E-01
  2.59882262E-01  9.49010137E-01
  2.60883508E-01  9.49355035E-01
  2.61884855E-01  9.49699778E-01
  2.62886302E-01  9.50042190E-01
  2.63887849E-01  9.50384428E-01
  2.64889496E-01  9.50724387E-01
  2.65891243E-01  9.51064153E-01
  2.66893091E-01  9.51401688E-01
  2.67895039E-01  9.51739013E-01
  2.68897087E-01  9.52074155E-01
  2.69899235E-01  9.52409070E-01
  2.70901483E-01  9.52741847E-01
  2.71903832E-01  9.53074380E-01
  2.72906280E-01  9.53404819E-01
  2.73908830E-01  9.53734999E-01
  2.74911479E-01  9.54063128E-01
  2.75914229E-01  9.54390980E-01
  2.76917078E-01  9.54716825E-01
  2.77920029E-01  9.55042377E-01
  2.78923079E-01  9.55365961E-01
  2.79926230E-01  9.55689237E-01
  2.80929481E-01  9.56010585E-01
  2.81932832E-01  9.56331610E-01
  2.82936284E-01  9.56650744E-01
  2.83939836E-01  9.56969540E-01
  2.84943489E-01  9.57286483E-01
  2.85947242E-01  9.57603073E-01
  2.86951095E-01  9.57917846E-01
  2.87955049E-01  9.58232250E-01
  2.88959103E-01  9.58544872E-01
  2.89963257E-01  9.58857112E-01
  2.90967512E-01  9.59167604E-01
  2.91971867E-01  9.59477699E-01
  2.92976323E-01  9.59786078E-01
  2.93980879E-01  9.60094046E-01
  2.94985536E-01  9.60400331E-01
  2.95990293E-01  9.60706191E-01
  2.96995150E-01  9.61010398E-01
  2.98000109E-01  9.61314167E-01
  2.99005167E-01  9.61616312E-01
  3.00010326E-01  9.61918006E-01
  3.01015586E-01  9.62218104E-01
  3.02020946E-01  9.62517739E-01
  3.03026407E-01  9.62815805E-01
  3.04031968E-01  9.63113395E-01
  3.05037630E-01  9.63409444E-01
  3.06043392E-01  9.63705003E-01
  3.07049255E-01  9.63999047E-01
  3.08055219E-01  9.64292588E-01
  3.09061283E-01  9.64584639E-01
  3.10067447E-01  9.64876176E-01
  3.11073713E-01  9.65166246E-01
  3.12080079E-01  9.65455790E-01
  3.13086546E-01  9.65743890E-01
  3.14093113E-01  9.66031451E-01
  3.15099781E-01  9.66317591E-01
  3.16106549E-01  9.66603181E-01
  3.17113419E-01  9.66887371E-01
  3.18120389E-01  9.67170998E-01
  3.19127460E-01  9.67453246E-01
  3.20134631E-01  9.67734921E-01
  3.21141903E-01  9.68015236E-01
  3.22149276E-01  9.68294966E-01
  3.23156750E-01  9.68573354E-01
  3.24164324E-01  9.68851147E-01
  3.25171999E-01  9.69127616E-01
  3.26179775E-01  9.69403479E-01
  3.27187652E-01  9.69678035E-01
  3.28195629E-01  9.69951974E-01
  3.29203707E-01  9.70224623E-01
  3.30211887E-01  9.70496643E-01
  3.31220167E-01  9.70767390E-01
  3.32228547E-01  9.71037496E-01
  3.33237029E-01  9.71306345E-01
  3.34245611E-01  9.71574542E-01
  3.35254295E-01  9.71841496E-01
  3.36263079E-01  9.72107788E-01
  3.37271964E-01  9.72372850E-01
  3.38280950E-01  9.72637240E-01
  3.39290037E-01  9.72900413E-01
  3.40299225E-01  9.73162903E-01
  3.41308513E-01  9.73424188E-01
  3.42317903E-01  9.73684779E-01
  3.43327394E-01  9.73944178E-01
  3.44336985E-01  9.74202873E-01
  3.45346678E-01  9.74460386E-01
  3.46356471E-01  9.74717184E-01
  3.47366365E-01  9.74972810E-01
  3.48376361E-01  9.75227712E-01
  3.49386457E-01  9.75481452E-01
  3.50396655E-01  9.75734456E-01
  3.51406953E-01  9.75986307E-01
  3.52417353E-01  9.76237412E-01
  3.53427854E-01  9.76487374E-01
  3.54438455E-01  9.76736578E-01
  3.55449158E-01  9.76984647E-01
  3.56459962E-01  9.77231948E-01
  3.57470867E-01  9.77478120E-01
  3.58481872E-01  9.77723515E-01
  3.59492980E-01  9.77967788E-01
  3.60504188E-01  9.78211272E-01
  3.61515497E-01  9.78453640E-01
  3.62526907E-01  9.78695209E-01
  3.63538419E-01  9.78935667E-01
  3.64550032E-01  9.79175317E-01
  3.65561746E-01  9.79413860E-01
  3.66573561E-01  9.79651583E-01
  3.67585477E-01  9.79888204E-01
  3.68597495E-01  9.80123995E-01
  3.69609613E-01  9.80358688E-01
  3.70621833E-01  9.80592539E-01
  3.71634154E-01  9.80825296E-01
  3.72646577E-01  9.81057200E-01
  3.73659100E-01  9.81288012E-01
  3.74671725E-01  9.81517960E-01
  3.75684451E-01  9.81746818E-01
  3.76697279E-01  9.81974802E-01
  3.77710207E-01  9.82201697E-01
  3.78723237E-01  9.82427706E-01
  3.79736369E-01  9.82652627E-01
  3.80749601E-01  9.82876652E-01
  3.81762935E-01  9.83099587E-01
  3.82776370E-01  9.83321616E-01
  3.83789907E-01  9.83542555E-01
  3.84803545E-01  9.83762575E-01
  3.85817284E-01  9.83981505E-01
  3.86831125E-01  9.84199505E-01
  3.87845067E-01  9.84416413E-01
  3.88859111E-01  9.84632379E-01
  3.89873256E-01  9.84847250E-01
  3.90887502E-01  9.85061168E-01
  3.91901850E-01  9.85273988E-01
  3.92916299E-01  9.85485842E-01
  3.93930850E-01  9.85696596E-01
  3.94945502E-01  9.85906372E-01
  3.95960256E-01  9.86115042E-01
  3.96975111E-01  9.86322722E-01
  3.97990067E-01  9.86529293E-01
  3.99005125E-01  9.86734860E-01
  4.00020285E-01  9.86939312E-01
  4.01035546E-01  9.87142749E-01
  4.02050909E-01  9.87345063E-01
  4.03066373E-01  9.87546349E-01
  4.04081939E-01  9.87746507E-01
  4.05097606E-01  9.87945622E-01
  4.06113375E-01  9.88143603E-01
  4.07129245E-01  9.88340526E-01
  4.08145217E-01  9.88536307E-01
  4.09161291E-01  9.88731016E-01
  4.10177466E-01  9.88924574E-01
  4.11193743E-01  9.89117047E-01
  4.12210122E-01  9.89308359E-01
  4.13226602E-01  9.89498570E-01
  4.14243184E-01  9.89687610E-01
  4.15259867E-01  9.89875535E-01
  4.16276652E-01  9.90062278E-01
  4.17293539E-01  9.90247889E-01
  4.18310528E-01  9.90432306E-01
  4.19327618E-01  9.90615576E-01
  4.20344810E-01  9.90797640E-01
  4.21362103E-01  9.90978539E-01
  4.22379499E-01  9.91158220E-01
  4.23396996E-01  9.91336718E-01
  4.24414595E-01  9.91513983E-01
  4.25432296E-01  9.91690047E-01
  4.26450098E-01  9.91864864E-01
  4.27468002E-01  9.92038462E-01
  4.28486008E-01  9.92210796E-01
  4.29504116E-01  9.92381891E-01
  4.30522326E-01  9.92551705E-01
  4.31540637E-01  9.92720261E-01
  4.32559051E-01  9.92887518E-01
  4.33577566E-01  9.93053495E-01
  4.34596183E-01  9.93218155E-01
  4.35614902E-01  9.93381512E-01
  4.36633722E-01  9.93543532E-01
  4.37652645E-01  9.93704226E-01
  4.38671670E-01  9.93863562E-01
  4.39690796E-01  9.94021547E-01
  4.40710024E-01  9.94178152E-01
  4.41729355E-01  9.94333380E-01
  4.42748787E-01  9.94487204E-01
  4.43768321E-01  9.94639625E-01
  4.44787957E-01  9.94790616E-01
  4.45807695E-01  9.94940175E-01
  4.46827535E-01  9.95088277E-01
  4.47847477E-01  9.95234917E-01
  4.48867522E-01  9.95380071E-01
  4.49887668E-01  9.95523732E-01
  4.50907916E-01  9.95665875E-01
  4.51928266E-01  9.95806491E-01
  4.52948718E-01  9.95945556E-01
  4.53969272E-01  9.96083059E-01
  4.54989929E-01  9.96218975E-01
  4.56010687E-01  9.96353290E-01
  4.57031547E-01  9.96485979E-01
  4.58052510E-01  9.96617027E-01
  4.59073574E-01  9.96746408E-01
  4.60094741E-01  9.96874103E-01
  4.61116010E-01  9.97000085E-01
  4.62137381E-01  9.97124334E-01
  4.63158854E-01  9.97246821E-01
  4.64180429E-01  9.97367524E-01
  4.65202107E-01  9.97486411E-01
  4.66223887E-01  9.97603457E-01
  4.67245768E-01  9.97718629E-01
  4.68267752E-01  9.97831898E-01
  4.69289839E-01  9.97943228E-01
  4.70312027E-01  9.98052587E-01
  4.71334318E-01  9.98159935E-01
  4.72356710E-01  9.98265236E-01
  4.73379206E-01  9.98368446E-01
  4.74401803E-01  9.98469523E-01
  4.75424503E-01  9.98568419E-01
  4.76447305E-01  9.98665086E-01
  4.77470209E-01  9.98759468E-01
  4.78493215E-01  9.98851510E-01
  4.79516324E-01  9.98941149E-01
  4.80539535E-01  9.99028318E-01
  4.81562849E-01  9.99112946E-01
  4.82586264E-01  9.99194952E-01
  4.83609782E-01  9.99274250E-01
  4.84633403E-01  9.99350744E-01
  4.85657126E-01  9.99424326E-01
  4.86680951E-01  9.99494876E-01
  4.87704879E-01  9.99562259E-01
  4.88728909E-01  9.99626318E-01
  4.89753041E-01  9.99686873E-01
  4.90777276E-01  9.99743709E-01
  4.91801613E-01  9.99796567E-01
  4.92826053E-01  9.99845130E-01
  4.93850595E-01  9.99888985E-01
  4.94875240E-01  9.99927577E-01
  4.95899987E-01  9.99960099E-01
  4.96924836E-01  9.99985211E-01
  4.97949788E-01  1.00000000E+00
  4.98974843E-01  9.99990641E-01
  5.00000000E-01  9.99962451E-01
  5.01025157E-01  9.99930345E-01
  5.02050212E-01  9.99891074E-01
  5.03075164E-01  9.99846974E-01
  5.04100013E-01  9.99798059E-01
  5.05124760E-01  9.99744912E-01
  5.06149405E-01  9.99687788E-01
  5.07173947E-01  9.99626962E-01
  5.08198387E-01  9.99562640E-01
  5.09222724E-01  9.99495003E-01
  5.10246959E-01  9.99424206E-01
  5.11271091E-01  9.99350383E-01
  5.12295121E-01  9.99273654E-01
  5.13319049E-01  9.99194125E-01
  5.14342874E-01  9.99111892E-01
  5.15366597E-01  9.99027042E-01
  5.16390218E-01  9.98939653E-01
  5.17413736E-01  9.98849797E-01
  5.18437151E-01  9.98757542E-01
  5.19460465E-01  9.98662948E-01
  5.20483676E-01  9.98566073E-01
  5.21506785E-01  9.98466970E-01
  5.22529791E-01  9.98365688E-01
  5.23552695E-01  9.98262274E-01
  5.24575497E-01  9.98156772E-01
  5.25598197E-01  9.98049224E-01
  5.26620794E-01  9.97939666E-01
  5.27643290E-01  9.97828139E-01
  5.28665682E-01  9.97714674E-01
  5.29687973E-01  9.97599307E-01
  5.30710161E-01  9.97482067E-01
  5.31732248E-01  9.97362987E-01
  5.32754232E-01  9.97242093E-01
  5.33776113E-01  9.97119415E-01
  5.34797893E-01  9.96994977E-01
  5.35819571E-01  9.96868805E-01
  5.36841146E-01  9.96740923E-01
  5.37862619E-01  9.96611355E-01
  5.38883990E-01  9.96480121E-01
  5.39905259E-01  9.96347246E-01
  5.40926426E-01  9.96212746E-01
  5.41947490E-01  9.96076646E-01
  5.42968453E-01  9.95938960E-01
  5.43989313E-01  9.95799712E-01
  5.45010071E-01  9.95658914E-01
  5.46030728E-01  9.95516590E-01
  5.47051282E-01  9.95372749E-01
  5.48071734E-01  9.95227416E-01
  5.49092084E-01  9.95080597E-01
  5.50112332E-01  9.94932317E-01
  5.51132478E-01  9.94782581E-01
  5.52152523E-01  9.94631414E-01
  5.53172465E-01  9.94478818E-01
  5.54192305E-01  9.94324819E-01
  5.55212043E-01  9.94169417E-01
  5.56231679E-01  9.94012639E-01
  5.57251213E-01  9.93854483E-01
  5.58270645E-01  9.93694975E-01
  5.59289976E-01  9.93534112E-01
  5.60309204E-01  9.93371921E-01
  5.61328330E-01  9.93208397E-01
  5.62347355E-01  9.93043569E-01
  5.63366278E-01  9.92877428E-01
  5.64385098E-01  9.92710004E-01
  5.65403817E-01  9.92541287E-01
  5.66422434E-01  9.92371308E-01
  5.67440949E-01  9.92200053E-01
  5.68459363E-01  9.92027557E-01
  5.69477674E-01  9.91853803E-01
  5.70495884E-01  9.91678827E-01
  5.71513992E-01  9.91502608E-01
  5.72531998E-01  9.91325186E-01
  5.73549902E-01  9.91146537E-01
  5.74567704E-01  9.90966703E-01
  5.75585405E-01  9.90785656E-01
  5.76603004E-01  9.90603441E-01
  5.77620501E-01  9.90420027E-01
  5.78637897E-01  9.90235461E-01
  5.79655190E-01  9.90049709E-01
  5.80672382E-01  9.89862823E-01
  5.81689472E-01  9.89674761E-01
  5.82706461E-01  9.89485580E-01
  5.83723348E-01  9.89295236E-01
  5.84740133E-01  9.89103788E-01
  5.85756816E-01  9.88911187E-01
  5.86773398E-01  9.88717496E-01
  5.87789878E-01  9.88522662E-01
  5.88806257E-01  9.88326754E-01
  5.89822534E-01  9.88129711E-01
  5.90838709E-01  9.87931608E-01
  5.91854783E-01  9.87732378E-01
  5.92870755E-01  9.87532102E-01
  5.93886625E-01  9.87330707E-01
  5.94902394E-01  9.87128279E-01
  5.95918061E-01  9.86924740E-01
  5.96933627E-01  9.86720180E-01
  5.97949091E-01  9.86514515E-01
  5.98964454E-01  9.86307843E-01
  5.99979715E-01  9.86100072E-01
  6.00994875E-01  9.85891305E-01
  6.02009933E-01  9.85681445E-01
  6.03024889E-01  9.85470602E-01
  6.04039744E-01  9.85258670E-01
  6.05054498E-01  9.85045767E-01
  6.06069150E-01  9.84831780E-01
  6.07083701E-01  9.84616833E-01
  6.08098150E-01  9.84400804E-01
  6.09112498E-01  9.84183828E-01
  6.10126744E-01  9.83965774E-01
  6.11140889E-01  9.83746783E-01
  6.12154933E-01  9.83526716E-01
  6.13168875E-01  9.83305725E-01
  6.14182716E-01  9.83083659E-01
  6.15196455E-01  9.82860679E-01
  6.16210093E-01  9.82636626E-01
  6.17223630E-01  9.82411670E-01
  6.18237065E-01  9.82185642E-01
  6.19250399E-01  9.81958721E-01
  6.20263631E-01  9.81730728E-01
  6.21276763E-01  9.81501854E-01
  6.22289793E-01  9.81271907E-01
  6.23302721E-01  9.81041089E-01
  6.24315549E-01  9.80809197E-01
  6.25328275E-01  9.80576445E-01
  6.26340900E-01  9.80342617E-01
  6.27353423E-01  9.80107939E-01
  6.28365846E-01  9.79872184E-01
  6.29378167E-01  9.79635589E-01
  6.30390387E-01  9.79397913E-01
  6.31402505E-01  9.79159408E-01
  6.32414523E-01  9.78919819E-01
  6.33426439E-01  9.78679411E-01
  6.34438254E-01  9.78437915E-01
  6.35449968E-01  9.78195610E-01
  6.36461581E-01  9.77952212E-01
  6.37473093E-01  9.77708016E-01
  6.38484503E-01  9.77462723E-01
  6.39495812E-01  9.77216640E-01
  6.40507020E-01  9.76969455E-01
  6.41518128E-01  9.76721491E-01
  6.42529133E-01  9.76472417E-01
  6.43540038E-01  9.76222575E-01
  6.44550842E-01  9.75971616E-01
  6.45561545E-01  9.75719898E-01
  6.46572146E-01  9.75467057E-01
  6.47582647E-01  9.75213468E-01
  6.48593047E-01  9.74958746E-01
  6.49603345E-01  9.74703286E-01
  6.50613543E-01  9.74446685E-01
  6.51623639E-01  9.74189356E-01
  6.52633635E-01  9.73930876E-01
  6.53643529E-01  9.73671678E-01
  6.54653322E-01  9.73411321E-01
  6.55663015E-01  9.73150254E-01
  6.56672606E-01  9.72888018E-01
  6.57682097E-01  9.72625083E-01
  6.58691487E-01  9.72360966E-01
  6.59700775E-01  9.72096161E-01
  6.60709963E-01  9.71830163E-01
  6.61719050E-01  9.71563486E-01
  6.62728036E-01  9.71295603E-01
  6.63736921E-01  9.71027053E-01
  6.64745705E-01  9.70757283E-01
  6.65754389E-01  9.70486856E-01
  6.66762971E-01  9.70215195E-01
  6.67771453E-01  9.69942887E-01
  6.68779833E-01  9.69669331E-01
  6.69788113E-01  9.69395139E-01
  6.70796293E-01  9.69119683E-01
  6.71804371E-01  9.68843601E-01
  6.72812348E-01  9.68566239E-01
  6.73820225E-01  9.68288263E-01
  6.74828001E-01  9.68008989E-01
  6.75835676E-01  9.67729112E-01
  6.76843250E-01  9.67447920E-01
  6.77850724E-01  9.67166135E-01
  6.78858097E-01  9.66883017E-01
  6.79865369E-01  9.66599317E-01
  6.80872540E-01  9.66314265E-01
  6.81879611E-01  9.66028641E-01
  6.82886581E-01  9.65741646E-01
  6.83893451E-01  9.65454091E-01
  6.84900219E-01  9.65165143E-01
  6.85906887E-01  9.64875647E-01
  6.86913454E-01  9.64584737E-01
  6.87919921E-01  9.64293289E-01
  6.88926287E-01  9.64000405E-01
  6.89932553E-01  9.63706996E-01
  6.90938717E-01  9.63412127E-01
  6.91944781E-01  9.63116744E-01
  6.92950745E-01  9.62819877E-01
  6.93956608E-01  9.62522509E-01
  6.94962370E-01  9.62223632E-01
  6.95968032E-01  9.61924265E-01
  6.96973593E-01  9.61623364E-01
  6.97979054E-01  9.61321985E-01
  6.98984414E-01  9.61019045E-01
  6.99989674E-01  9.60715640E-01
  7.00994833E-01  9.60410646E-01
  7.01999891E-01  9.60105199E-01
  7.03004850E-01  9.59798135E-01
  7.04009707E-01  9.59490631E-01
  7.05014464E-01  9.59181480E-01
  7.06019121E-01  9.58871903E-01
  7.07023677E-01  9.58560647E-01
  7.08028133E-01  9.58248978E-01
  7.09032488E-01  9.57935600E-01
  7.10036743E-01  9.57621821E-01
  7.11040897E-01  9.57306301E-01
  7.12044951E-01  9.56990394E-01
  7.13048905E-01  9.56672711E-01
  7.14052758E-01  9.56354655E-01
  7.15056511E-01  9.56034789E-01
  7.16060164E-01  9.55714564E-01
  7.17063716E-01  9.55392493E-01
  7.18067168E-01  9.55070078E-01
  7.19070519E-01  9.54745778E-01
  7.20073770E-01  9.54421150E-01
  7.21076921E-01  9.54094599E-01
  7.22079971E-01  9.53767734E-01
  7.23082922E-01  9.53438906E-01
  7.24085771E-01  9.53109780E-01
  7.25088521E-01  9.52778652E-01
  7.26091170E-01  9.52447239E-01
  7.27093720E-01  9.52113782E-01
  7.28096168E-01  9.51780058E-01
  7.29098517E-01  9.51444245E-01
  7.30100765E-01  9.51108180E-01
  7.31102913E-01  9.50769983E-01
  7.32104961E-01  9.50431551E-01
  7.33106909E-01  9.50090940E-01
  7.34108757E-01  9.49750110E-01
  7.35110504E-01  9.49407054E-01
  7.36112151E-01  9.49063798E-01
  7.37113698E-01  9.48718265E-01
  7.38115145E-01  9.48372550E-01
  7.39116492E-01  9.48024508E-01
  7.40117738E-01  9.47676301E-01
  7.41118885E-01  9.47325715E-01
  7.42119931E-01  9.46974983E-01
  7.43120878E-01  9.46621819E-01
  7.44121724E-01  9.46268527E-01
  7.45122470E-01  9.45912748E-01
  7.46123116E-01  9.45556860E-01
  7.47123662E-01  9.45198428E-01
  7.48124108E-01  9.44839906E-01
  7.49124454E-01  9.44478782E-01
  7.50124700E-01  9.44117588E-01
  7.51124845E-01  9.43753732E-01
  7.52124891E-01  9.43389827E-01
  7.53124837E-01  9.43023196E-01
  7.54124683E-01  9.42656538E-01
  7.55124429E-01  9.42287090E-01
  7.56124075E-01  9.41917636E-01
  7.57123621E-01  9.41545326E-01
  7.58123067E-01  9.41173033E-01
  7.59122413E-01  9.40797815E-01
  7.60121659E-01  9.40422636E-01
  7.61120805E-01  9.40044463E-01
  7.62119851E-01  9.39666352E-01
  7.63118798E-01  9.39285175E-01
  7.64117644E-01  9.38904083E-01
  7.65116391E-01  9.38519850E-01
  7.66115038E-01  9.38135727E-01
  7.67113585E-01  9.37748386E-01
  7.68112032E-01  9.37361180E-01
  7.69110379E-01  9.36970677E-01
  7.70108626E-01  9.36580334E-01
  7.71106774E-01  9.36186613E-01
  7.72104821E-01  9.35793079E-01
  7.73102769E-01  9.35396082E-01
  7.74100618E-01  9.34999298E-01
  7.75098366E-01  9.34598965E-01
  7.76096015E-01  9.34198874E-01
  7.77093563E-01  9.33795143E-01
  7.78091012E-01  9.33391683E-01
  7.79088362E-01  9.32984491E-01
  7.80085611E-01  9.32577599E-01
  7.81082761E-01  9.32166879E-01
  7.82079812E-01  9.31756490E-01
  7.83076762E-01  9.31342175E-01
  7.84073613E-01  9.30928221E-01
  7.85070364E-01  9.30510240E-01
  7.86067015E-01  9.30092652E-01
  7.87063567E-01  9.29670933E-01
  7.88060019E-01  9.29249639E-01
  7.89056372E-01  9.28824106E-01
  7.90052625E-01  9.28399033E-01
  7.91048778E-01  9.27969608E-01
  7.92044832E-01  9.27540678E-01
  7.93040786E-01  9.27107281E-01
  7.94036640E-01  9.26674415E-01
  7.95032395E-01  9.26236963E-01
  7.96028050E-01  9.25800080E-01
  7.97023606E-01  9.25358487E-01
  7.98019062E-01  9.24917501E-01
  7.99014419E-01  9.24471678E-01
  8.00009676E-01  9.24026501E-01
  8.01004834E-01  9.23576357E-01
  8.01999892E-01  9.23126900E-01
  8.02994850E-01  9.22672339E-01
  8.03989709E-01  9.22218507E-01
  8.04984469E-01  9.21759430E-01
  8.05979129E-01  9.21301127E-01
  8.06973690E-01  9.20837433E-01
  8.07968151E-01  9.20374557E-01
  8.08962513E-01  9.19906142E-01
  8.09956775E-01  9.19438590E-01
  8.10950938E-01  9.18965343E-01
  8.11945002E-01  9.18493007E-01
  8.12938966E-01  9.18014816E-01
  8.13932831E-01  9.17537585E-01
  8.14926596E-01  9.17054331E-01
  8.15920262E-01  9.16572090E-01
  8.16913828E-01  9.16083654E-01
  8.17907296E-01  9.15596282E-01
  8.18900664E-01  9.15102537E-01
  8.19893932E-01  9.14609911E-01
  8.20887102E-01  9.14110727E-01
  8.21880172E-01  9.13612719E-01
  8.22873142E-01  9.13107961E-01
  8.23866014E-01  9.12604437E-01
  8.24858786E-01  9.12093964E-01
  8.25851458E-01  9.11584786E-01
  8.26844032E-01  9.11068453E-01
  8.27836506E-01  9.10553478E-01
  8.28828881E-01  9.10031133E-01
  8.29821157E-01  9.09510213E-01
  8.30813334E-01  9.08981700E-01
  8.31805411E-01  9.08454679E-01
  8.32797389E-01  9.07919835E-01
  8.33789268E-01  9.07386554E-01
  8.34781048E-01  9.06845210E-01
  8.35772729E-01  9.06305501E-01
  8.36764310E-01  9.05757481E-01
  8.37755793E-01  9.05211172E-01
  8.38747176E-01  9.04656292E-01
  8.39738460E-01  9.04103203E-01
  8.40729645E-01  9.03541273E-01
  8.41720730E-01  9.02981217E-01
  8.42711717E-01  9.02412040E-01
  8.43702605E-01  9.01844821E-01
  8.44693393E-01  9.01268190E-01
  8.45684083E-01  9.00693606E-01
  8.46674673E-01  9.00109306E-01
  8.47665164E-01  8.99527147E-01
  8.48655557E-01  8.98934954E-01
  8.49645850E-01  8.98344999E-01
  8.50636044E-01  8.97744680E-01
  8.51626139E-01  8.97146700E-01
  8.52616136E-01  8.96538013E-01
  8.53606033E-01  8.95931768E-01
  8.54595831E-01  8.95314458E-01
  8.55585530E-01  8.94699700E-01
  8.56575131E-01  8.94073502E-01
  8.57564632E-01  8.93449971E-01
  8.58554034E-01  8.92814607E-01
  8.59543338E-01  8.92182031E-01
  8.60532542E-01  8.91537214E-01
  8.61521648E-01  8.90895309E-01
  8.62510655E-01  8.90240735E-01
  8.63499563E-01  8.89589204E-01
  8.64488371E-01  8.88924556E-01
  8.65477082E-01  8.88263089E-01
  8.66465693E-01  8.87588037E-01
  8.67454205E-01  8.86916309E-01
  8.68442619E-01  8.86230506E-01
  8.69430933E-01  8.85548177E-01
  8.70419149E-01  8.84851258E-01
  8.71407266E-01  8.84157971E-01
  8.72395284E-01  8.83449555E-01
  8.73383204E-01  8.82744937E-01
  8.74371024E-01  8.82024623E-01
  8.75358746E-01  8.81308282E-01
  8.76346369E-01  8.80575651E-01
  8.77333893E-01  8.79847174E-01
  8.78321319E-01  8.79101782E-01
  8.79308646E-01  8.78360738E-01
  8.80295874E-01  8.77602122E-01
  8.81283003E-01  8.76848055E-01
  8.82270034E-01  8.76075725E-01
  8.83256966E-01  8.75308157E-01
  8.84243799E-01  8.74521597E-01
  8.85230534E-01  8.73740024E-01
  8.86217170E-01  8.72938690E-01
  8.87203707E-01  8.72142582E-01
  8.88190146E-01  8.71325902E-01
  8.89176486E-01  8.70514697E-01
  8.90162727E-01  8.69682065E-01
  8.91148870E-01  8.68855173E-01
  8.92134914E-01  8.68005948E-01
  8.93120859E-01  8.67162744E-01
  8.94106706E-01  8.66296250E-01
  8.95092455E-01  8.65436072E-01
  8.96078105E-01  8.64551592E-01
  8.97063656E-01  8.63673741E-01
  8.98049108E-01  8.62770513E-01
  8.99034463E-01  8.61874248E-01
  9.00019718E-01  8.60951466E-01
  9.01004875E-01  8.60036001E-01
  9.01989934E-01  8.59092806E-01
  9.02974894E-01  8.58157305E-01
  9.03959756E-01  8.57192787E-01
  9.04944519E-01  8.56236362E-01
  9.05929183E-01  8.55249547E-01
  9.06913750E-01  8.54271253E-01
  9.07898217E-01  8.53261107E-01
  9.08882587E-01  8.52259936E-01
  9.09866857E-01  8.51225352E-01
  9.10851030E-01  8.50200229E-01
  9.11835104E-01  8.49140024E-01
  9.12819079E-01  8.48089799E-01
  9.13802957E-01  8.47002708E-01
  9.14786735E-01  8.45926152E-01
  9.15770416E-01  8.44810815E-01
  9.16753998E-01  8.43706609E-01
  9.17737482E-01  8.42561569E-01
  9.18720867E-01  8.41428297E-01
  9.19704154E-01  8.40251983E-01
  9.20687343E-01  8.39088124E-01
  9.21670433E-01  8.37878844E-01
  9.22653426E-01  8.36682758E-01
  9.23636319E-01  8.35438685E-01
  9.24619115E-01  8.34208601E-01
  9.25601812E-01  8.32927759E-01
  9.26584411E-01  8.31661763E-01
  9.27566912E-01  8.30342006E-01
  9.28549315E-01  8.29038023E-01
  9.29531619E-01  8.27677022E-01
  9.30513825E-01  8.26332797E-01
  9.31495933E-01  8.24928014E-01
  9.32477942E-01  8.23541091E-01
  9.33459854E-01  8.22089754E-01
  9.34441667E-01  8.20657453E-01
  9.35423382E-01  8.19156524E-01
  9.36404999E-01  8.17675908E-01
  9.37386518E-01  8.16122052E-01
  9.38367938E-01  8.14589898E-01
  9.39349261E-01  8.12979439E-01
  9.40330485E-01  8.11392193E-01
  9.41311611E-01  8.09721067E-01
  9.42292639E-01  8.08074800E-01
  9.43273570E-01  8.06338496E-01
  9.44254401E-01  8.04628845E-01
  9.45235135E-01  8.02822338E-01
  9.46215771E-01  8.01044440E-01
  9.47196309E-01  7.99162106E-01
  9.48176748E-01  7.97310515E-01
  9.49157090E-01  7.95346030E-01
  9.50137334E-01  7.93414618E-01
  9.51117479E-01  7.91360836E-01
  9.52097527E-01  7.89342669E-01
  9.53077476E-01  7.87191470E-01
  9.54057328E-01  7.85078656E-01
  9.55037082E-01  7.82820755E-01
  9.56016737E-01  7.80604253E-01
  9.56996295E-01  7.78228963E-01
  9.57975755E-01  7.75898343E-01
  9.58955116E-01  7.73393277E-01
  9.59934380E-01  7.70936412E-01
  9.60913546E-01  7.68287090E-01
  9.61892614E-01  7.65689763E-01
  9.62871584E-01  7.62879112E-01
  9.63850457E-01  7.60124492E-01
  9.64829231E-01  7.57132190E-01
  9.65807907E-01  7.54200151E-01
  9.66786486E-01  7.51001739E-01
  9.67764967E-01  7.47867934E-01
  9.68743350E-01  7.44433626E-01
  9.69721635E-01  7.41068228E-01
  9.70699822E-01  7.37361267E-01
  9.71677911E-01  7.33727216E-01
  9.72655903E-01  7.29701555E-01
  9.73633797E-01  7.25752068E-01
  9.74611593E-01  7.21349058E-01
  9.75589291E-01  7.17024015E-01
  9.76566892E-01  7.12167511E-01
  9.77544394E-01  7.07388061E-01
  9.78521799E-01  7.01977026E-01
  9.79499107E-01  6.96637315E-01
  9.80476316E-01  6.90534248E-01
  9.81453428E-01  6.84488241E-01
  9.82430442E-01  6.77500383E-01
  9.83407359E-01  6.70540044E-01
  9.84384177E-01  6.62387448E-01
  9.85360899E-01  6.54204778E-01
  9.86337522E-01  6.44463085E-01
  9.87314048E-01  6.34580127E-01
  9.88290476E-01  6.22571111E-01
  9.89266806E-01  6.10201373E-01
  9.90243039E-01  5.94766228E-01
  9.91219174E-01  5.78515213E-01
  9.92195212E-01  5.57496278E-01
  9.93171152E-01  5.34640826E-01
  9.94146994E-01  5.03547836E-01
  9.95122739E-01  4.68075112E-01
  9.96098386E-01  4.16255909E-01
  9.97073936E-01  3.53198673E-01
  9.98049388E-01  2.55526568E-01
  9.99024743E-01  1.37785971E-01
  1.00000000E+00  0.00000000E+00
