 ######################################################################
 #Data for Case=           7
 #   ALPHA,             N,       ITERATIONS, VW,          UMAX ,       UAVG,           UTAU1,          UTAU2    
  #  9.99999975E-05    1001     10000  1.70799999E+01  1.71293784E+01  1.34497319E+01  6.04755860E-01  8.59164023E-02
 ######################################################################
 # YPAD(I)/H,     U(I)/VW	
  0.00000000E+00  0.00000000E+00
  9.75257087E-04  1.43237762E-01
  1.95061171E-03  2.31834954E-01
  2.92606386E-03  3.27797281E-01
  3.90161357E-03  3.56274278E-01
  4.87726084E-03  3.99380993E-01
  5.85300568E-03  4.16068692E-01
  6.82884809E-03  4.39544371E-01
  7.80478810E-03  4.51370597E-01
  8.78082571E-03  4.66469718E-01
  9.75696092E-03  4.75537205E-01
  1.07331938E-02  4.86382547E-01
  1.17095242E-02  4.93684970E-01
  1.26859523E-02  5.02060974E-01
  1.36624781E-02  5.08153667E-01
  1.46391015E-02  5.14950192E-01
  1.56158225E-02  5.20170454E-01
  1.65926413E-02  5.25882060E-01
  1.75695577E-02  5.30447014E-01
  1.85465718E-02  5.35372114E-01
  1.95236837E-02  5.39428205E-01
  2.05008932E-02  5.43758680E-01
  2.14782005E-02  5.47408631E-01
  2.24556055E-02  5.51274250E-01
  2.34331083E-02  5.54592554E-01
  2.44107088E-02  5.58084764E-01
  2.53884071E-02  5.61127018E-01
  2.63662031E-02  5.64312506E-01
  2.73440970E-02  5.67121247E-01
  2.83220886E-02  5.70050070E-01
  2.93001780E-02  5.72658560E-01
  3.02783653E-02  5.75369235E-01
  3.12566504E-02  5.77803980E-01
  3.22350333E-02  5.80326789E-01
  3.32135140E-02  5.82609268E-01
  3.41920926E-02  5.84968466E-01
  3.51707691E-02  5.87116341E-01
  3.61495434E-02  5.89331677E-01
  3.71284157E-02  5.91359663E-01
  3.81073858E-02  5.93447448E-01
  3.90864538E-02  5.95367945E-01
  4.00656197E-02  5.97341822E-01
  4.10448836E-02  5.99165386E-01
  4.20242454E-02  6.01036895E-01
  4.30037051E-02  6.02772596E-01
  4.39832628E-02  6.04551593E-01
  4.49629184E-02  6.06207285E-01
  4.59426720E-02  6.07902263E-01
  4.69225236E-02  6.09484798E-01
  4.79024731E-02  6.11103133E-01
  4.88825207E-02  6.12618524E-01
  4.98626663E-02  6.14166667E-01
  5.08429099E-02  6.15620227E-01
  5.18232515E-02  6.17103854E-01
  5.28036912E-02  6.18500298E-01
  5.37842289E-02  6.19924433E-01
  5.47648647E-02  6.21267967E-01
  5.57455986E-02  6.22637078E-01
  5.67264305E-02  6.23931471E-01
  5.77073605E-02  6.25249551E-01
  5.86883886E-02  6.26498193E-01
  5.96695148E-02  6.27768826E-01
  6.06507392E-02  6.28974778E-01
  6.16320616E-02  6.30201191E-01
  6.26134822E-02  6.31367226E-01
  6.35950010E-02  6.32552340E-01
  6.45766179E-02  6.33680977E-01
  6.55583330E-02  6.34827440E-01
  6.65401462E-02  6.35920977E-01
  6.75220576E-02  6.37031198E-01
  6.85040673E-02  6.38091733E-01
  6.94861751E-02  6.39167913E-01
  7.04683812E-02  6.40197370E-01
  7.14506854E-02  6.41241520E-01
  7.24330880E-02  6.42241667E-01
  7.34155887E-02  6.43255633E-01
  7.43981877E-02  6.44228096E-01
  7.53808850E-02  6.45213575E-01
  7.63636806E-02  6.46159856E-01
  7.73465744E-02  6.47118413E-01
  7.83295665E-02  6.48039898E-01
  7.93126570E-02  6.48972977E-01
  8.02958457E-02  6.49870952E-01
  8.12791328E-02  6.50779890E-01
  8.22625182E-02  6.51655548E-01
  8.32460019E-02  6.52541583E-01
  8.42295840E-02  6.53396032E-01
  8.52132645E-02  6.54260316E-01
  8.61970433E-02  6.55094589E-01
  8.71809206E-02  6.55938191E-01
  8.81648962E-02  6.56753251E-01
  8.91489702E-02  6.57577169E-01
  9.01331426E-02  6.58373915E-01
  9.11174135E-02  6.59179079E-01
  9.21017828E-02  6.59958352E-01
  9.30862505E-02  6.60745634E-01
  9.40708167E-02  6.61508221E-01
  9.50554813E-02  6.62278433E-01
  9.60402444E-02  6.63025073E-01
  9.70251060E-02  6.63778980E-01
  9.80100661E-02  6.64510367E-01
  9.89951247E-02  6.65248684E-01
  9.99802818E-02  6.65965470E-01
  1.00965537E-01  6.66688870E-01
  1.01950892E-01  6.67391669E-01
  1.02936344E-01  6.68100784E-01
  1.03921895E-01  6.68790175E-01
  1.04907545E-01  6.69485602E-01
  1.05893294E-01  6.70162130E-01
  1.06879141E-01  6.70844430E-01
  1.07865086E-01  6.71508611E-01
  1.08851130E-01  6.72178315E-01
  1.09837273E-01  6.72830636E-01
  1.10823514E-01  6.73488245E-01
  1.11809854E-01  6.74129167E-01
  1.12796293E-01  6.74775154E-01
  1.13782830E-01  6.75405114E-01
  1.14769466E-01  6.76039928E-01
  1.15756201E-01  6.76659339E-01
  1.16743034E-01  6.77283405E-01
  1.17729966E-01  6.77892660E-01
  1.18716997E-01  6.78506382E-01
  1.19704126E-01  6.79105853E-01
  1.20691354E-01  6.79709612E-01
  1.21678681E-01  6.80299655E-01
  1.22666107E-01  6.80893815E-01
  1.23653631E-01  6.81474766E-01
  1.24641254E-01  6.82059673E-01
  1.25628976E-01  6.82631852E-01
  1.26616796E-01  6.83207834E-01
  1.27604716E-01  6.83771547E-01
  1.28592734E-01  6.84338917E-01
  1.29580851E-01  6.84894457E-01
  1.30569067E-01  6.85453513E-01
  1.31557381E-01  6.86001155E-01
  1.32545795E-01  6.86552182E-01
  1.33534307E-01  6.87092193E-01
  1.34522918E-01  6.87635462E-01
  1.35511629E-01  6.88168095E-01
  1.36500437E-01  6.88703864E-01
  1.37489345E-01  6.89229361E-01
  1.38478352E-01  6.89757879E-01
  1.39467458E-01  6.90276471E-01
  1.40456662E-01  6.90797974E-01
  1.41445966E-01  6.91309883E-01
  1.42435368E-01  6.91824598E-01
  1.43424869E-01  6.92330035E-01
  1.44414470E-01  6.92838178E-01
  1.45404169E-01  6.93337348E-01
  1.46393967E-01  6.93839126E-01
  1.47383864E-01  6.94332223E-01
  1.48373861E-01  6.94827836E-01
  1.49363956E-01  6.95315046E-01
  1.50354150E-01  6.95804685E-01
  1.51344443E-01  6.96286188E-01
  1.52334836E-01  6.96770034E-01
  1.53325327E-01  6.97246003E-01
  1.54315917E-01  6.97724233E-01
  1.55306607E-01  6.98194832E-01
  1.56297395E-01  6.98667615E-01
  1.57288283E-01  6.99133003E-01
  1.58279270E-01  6.99600500E-01
  1.59270355E-01  7.00060830E-01
  1.60261540E-01  7.00523197E-01
  1.61252824E-01  7.00978617E-01
  1.62244207E-01  7.01436003E-01
  1.63235690E-01  7.01886654E-01
  1.64227271E-01  7.02339204E-01
  1.65218952E-01  7.02785221E-01
  1.66210732E-01  7.03233074E-01
  1.67202611E-01  7.03674589E-01
  1.68194589E-01  7.04117878E-01
  1.69186666E-01  7.04555017E-01
  1.70178843E-01  7.04993871E-01
  1.71171119E-01  7.05426757E-01
  1.72163494E-01  7.05861299E-01
  1.73155968E-01  7.06290048E-01
  1.74148542E-01  7.06720399E-01
  1.75141214E-01  7.07145125E-01
  1.76133986E-01  7.07571400E-01
  1.77126858E-01  7.07992212E-01
  1.78119828E-01  7.08414522E-01
  1.79112898E-01  7.08831526E-01
  1.80106068E-01  7.09249978E-01
  1.81099336E-01  7.09663277E-01
  1.82092704E-01  7.10077975E-01
  1.83086172E-01  7.10487666E-01
  1.84079738E-01  7.10898710E-01
  1.85073404E-01  7.11304889E-01
  1.86067169E-01  7.11712377E-01
  1.87061034E-01  7.12115136E-01
  1.88054998E-01  7.12519160E-01
  1.89049062E-01  7.12918588E-01
  1.90043225E-01  7.13319240E-01
  1.91037487E-01  7.13715423E-01
  1.92031849E-01  7.14112789E-01
  1.93026310E-01  7.14505811E-01
  1.94020871E-01  7.14899977E-01
  1.95015531E-01  7.15289919E-01
  1.96010291E-01  7.15680966E-01
  1.97005150E-01  7.16067905E-01
  1.98000108E-01  7.16455913E-01
  1.98995166E-01  7.16839925E-01
  1.99990324E-01  7.17224972E-01
  2.00985581E-01  7.17606130E-01
  2.01980938E-01  7.17988289E-01
  2.02976394E-01  7.18366665E-01
  2.03971950E-01  7.18746008E-01
  2.04967605E-01  7.19121671E-01
  2.05963360E-01  7.19498268E-01
  2.06959214E-01  7.19871285E-01
  2.07955168E-01  7.20245204E-01
  2.08951222E-01  7.20615639E-01
  2.09947375E-01  7.20986946E-01
  2.10943628E-01  7.21354862E-01
  2.11939981E-01  7.21723621E-01
  2.12936433E-01  7.22089079E-01
  2.13932985E-01  7.22455352E-01
  2.14929636E-01  7.22818412E-01
  2.15926387E-01  7.23182258E-01
  2.16923238E-01  7.23542977E-01
  2.17920188E-01  7.23904455E-01
  2.18917239E-01  7.24262888E-01
  2.19914389E-01  7.24622055E-01
  2.20911638E-01  7.24978257E-01
  2.21908988E-01  7.25335168E-01
  2.22906437E-01  7.25689191E-01
  2.23903985E-01  7.26043899E-01
  2.24901634E-01  7.26395795E-01
  2.25899382E-01  7.26748352E-01
  2.26897231E-01  7.27098171E-01
  2.27895179E-01  7.27448626E-01
  2.28893226E-01  7.27796416E-01
  2.29891374E-01  7.28144820E-01
  2.30889621E-01  7.28490628E-01
  2.31887968E-01  7.28837027E-01
  2.32886415E-01  7.29180898E-01
  2.33884962E-01  7.29525340E-01
  2.34883609E-01  7.29867319E-01
  2.35882356E-01  7.30209848E-01
  2.36881202E-01  7.30549979E-01
  2.37880149E-01  7.30890639E-01
  2.38879195E-01  7.31228962E-01
  2.39878341E-01  7.31567796E-01
  2.40877587E-01  7.31904353E-01
  2.41876933E-01  7.32241402E-01
  2.42876379E-01  7.32576233E-01
  2.43875925E-01  7.32911537E-01
  2.44875571E-01  7.33244681E-01
  2.45875317E-01  7.33578279E-01
  2.46875163E-01  7.33909774E-01
  2.47875109E-01  7.34241705E-01
  2.48875155E-01  7.34571587E-01
  2.49875300E-01  7.34901887E-01
  2.50875546E-01  7.35230192E-01
  2.51875892E-01  7.35558899E-01
  2.52876338E-01  7.35885661E-01
  2.53876884E-01  7.36212809E-01
  2.54877530E-01  7.36538063E-01
  2.55878276E-01  7.36863686E-01
  2.56879122E-01  7.37187464E-01
  2.57880069E-01  7.37511597E-01
  2.58881115E-01  7.37833932E-01
  2.59882262E-01  7.38156605E-01
  2.60883508E-01  7.38477528E-01
  2.61884855E-01  7.38798775E-01
  2.62886302E-01  7.39118316E-01
  2.63887849E-01  7.39438168E-01
  2.64889496E-01  7.39756357E-01
  2.65891243E-01  7.40074842E-01
  2.66893091E-01  7.40391708E-01
  2.67895039E-01  7.40708857E-01
  2.68897087E-01  7.41024429E-01
  2.69899235E-01  7.41340269E-01
  2.70901483E-01  7.41654573E-01
  2.71903832E-01  7.41969133E-01
  2.72906280E-01  7.42282197E-01
  2.73908830E-01  7.42595504E-01
  2.74911479E-01  7.42907354E-01
  2.75914229E-01  7.43219434E-01
  2.76917078E-01  7.43530094E-01
  2.77920029E-01  7.43840973E-01
  2.78923079E-01  7.44150469E-01
  2.79926230E-01  7.44460172E-01
  2.80929481E-01  7.44768528E-01
  2.81932832E-01  7.45077079E-01
  2.82936284E-01  7.45384319E-01
  2.83939836E-01  7.45691742E-01
  2.84943489E-01  7.45997888E-01
  2.85947242E-01  7.46304207E-01
  2.86951095E-01  7.46609282E-01
  2.87955049E-01  7.46914518E-01
  2.88959103E-01  7.47218543E-01
  2.89963257E-01  7.47522720E-01
  2.90967512E-01  7.47825717E-01
  2.91971867E-01  7.48128855E-01
  2.92976323E-01  7.48430844E-01
  2.93980879E-01  7.48732964E-01
  2.94985536E-01  7.49033966E-01
  2.95990293E-01  7.49335089E-01
  2.96995150E-01  7.49635122E-01
  2.98000109E-01  7.49935268E-01
  2.99005167E-01  7.50234353E-01
  3.00010326E-01  7.50533540E-01
  3.01015586E-01  7.50831695E-01
  3.02020946E-01  7.51129943E-01
  3.03026407E-01  7.51427185E-01
  3.04031968E-01  7.51724513E-01
  3.05037630E-01  7.52020861E-01
  3.06043392E-01  7.52317285E-01
  3.07049255E-01  7.52612756E-01
  3.08055219E-01  7.52908294E-01
  3.09061283E-01  7.53202905E-01
  3.10067447E-01  7.53497575E-01
  3.11073713E-01  7.53791341E-01
  3.12080079E-01  7.54085159E-01
  3.13086546E-01  7.54378097E-01
  3.14093113E-01  7.54671078E-01
  3.15099781E-01  7.54963203E-01
  3.16106549E-01  7.55255365E-01
  3.17113419E-01  7.55546692E-01
  3.18120389E-01  7.55838048E-01
  3.19127460E-01  7.56128592E-01
  3.20134631E-01  7.56419158E-01
  3.21141903E-01  7.56708933E-01
  3.22149276E-01  7.56998723E-01
  3.23156750E-01  7.57287743E-01
  3.24164324E-01  7.57576771E-01
  3.25171999E-01  7.57865049E-01
  3.26179775E-01  7.58153329E-01
  3.27187652E-01  7.58440879E-01
  3.28195629E-01  7.58728423E-01
  3.29203707E-01  7.59015258E-01
  3.30211887E-01  7.59302080E-01
  3.31220167E-01  7.59588211E-01
  3.32228547E-01  7.59874324E-01
  3.33237029E-01  7.60159764E-01
  3.34245611E-01  7.60445179E-01
  3.35254295E-01  7.60729939E-01
  3.36263079E-01  7.61014669E-01
  3.37271964E-01  7.61298761E-01
  3.38280950E-01  7.61582816E-01
  3.39290037E-01  7.61866252E-01
  3.40299225E-01  7.62149644E-01
  3.41308513E-01  7.62432432E-01
  3.42317903E-01  7.62715173E-01
  3.43327394E-01  7.62997325E-01
  3.44336985E-01  7.63279424E-01
  3.45346678E-01  7.63560950E-01
  3.46356471E-01  7.63842418E-01
  3.47366365E-01  7.64123328E-01
  3.48376361E-01  7.64404174E-01
  3.49386457E-01  7.64684477E-01
  3.50396655E-01  7.64964711E-01
  3.51406953E-01  7.65244416E-01
  3.52417353E-01  7.65524048E-01
  3.53427854E-01  7.65803164E-01
  3.54438455E-01  7.66082202E-01
  3.55449158E-01  7.66360739E-01
  3.56459962E-01  7.66639191E-01
  3.57470867E-01  7.66917156E-01
  3.58481872E-01  7.67195032E-01
  3.59492980E-01  7.67472433E-01
  3.60504188E-01  7.67749741E-01
  3.61515497E-01  7.68026586E-01
  3.62526907E-01  7.68303334E-01
  3.63538419E-01  7.68579630E-01
  3.64550032E-01  7.68855824E-01
  3.65561746E-01  7.69131579E-01
  3.66573561E-01  7.69407229E-01
  3.67585477E-01  7.69682449E-01
  3.68597495E-01  7.69957560E-01
  3.69609613E-01  7.70232252E-01
  3.70621833E-01  7.70506832E-01
  3.71634154E-01  7.70781003E-01
  3.72646577E-01  7.71055058E-01
  3.73659100E-01  7.71328715E-01
  3.74671725E-01  7.71602251E-01
  3.75684451E-01  7.71875399E-01
  3.76697279E-01  7.72148422E-01
  3.77710207E-01  7.72421067E-01
  3.78723237E-01  7.72693584E-01
  3.79736369E-01  7.72965731E-01
  3.80749601E-01  7.73237747E-01
  3.81762935E-01  7.73509402E-01
  3.82776370E-01  7.73780923E-01
  3.83789907E-01  7.74052090E-01
  3.84803545E-01  7.74323121E-01
  3.85817284E-01  7.74593806E-01
  3.86831125E-01  7.74864351E-01
  3.87845067E-01  7.75134559E-01
  3.88859111E-01  7.75404624E-01
  3.89873256E-01  7.75674358E-01
  3.90887502E-01  7.75943947E-01
  3.91901850E-01  7.76213213E-01
  3.92916299E-01  7.76482330E-01
  3.93930850E-01  7.76751131E-01
  3.94945502E-01  7.77019781E-01
  3.95960256E-01  7.77288121E-01
  3.96975111E-01  7.77556307E-01
  3.97990067E-01  7.77824191E-01
  3.99005125E-01  7.78091917E-01
  4.00020285E-01  7.78359346E-01
  4.01035546E-01  7.78626616E-01
  4.02050909E-01  7.78893596E-01
  4.03066373E-01  7.79160413E-01
  4.04081939E-01  7.79426945E-01
  4.05097606E-01  7.79693312E-01
  4.06113375E-01  7.79959400E-01
  4.07129245E-01  7.80225321E-01
  4.08145217E-01  7.80490967E-01
  4.09161291E-01  7.80756445E-01
  4.10177466E-01  7.81021652E-01
  4.11193743E-01  7.81286688E-01
  4.12210122E-01  7.81551459E-01
  4.13226602E-01  7.81816057E-01
  4.14243184E-01  7.82080393E-01
  4.15259867E-01  7.82344555E-01
  4.16276652E-01  7.82608459E-01
  4.17293539E-01  7.82872187E-01
  4.18310528E-01  7.83135661E-01
  4.19327618E-01  7.83398957E-01
  4.20344810E-01  7.83662003E-01
  4.21362103E-01  7.83924869E-01
  4.22379499E-01  7.84187488E-01
  4.23396996E-01  7.84449926E-01
  4.24414595E-01  7.84712120E-01
  4.25432296E-01  7.84974130E-01
  4.26450098E-01  7.85235901E-01
  4.27468002E-01  7.85497486E-01
  4.28486008E-01  7.85758835E-01
  4.29504116E-01  7.86019996E-01
  4.30522326E-01  7.86280923E-01
  4.31540637E-01  7.86541661E-01
  4.32559051E-01  7.86802168E-01
  4.33577566E-01  7.87062484E-01
  4.34596183E-01  7.87322571E-01
  4.35614902E-01  7.87582467E-01
  4.36633722E-01  7.87842135E-01
  4.37652645E-01  7.88101611E-01
  4.38671670E-01  7.88360861E-01
  4.39690796E-01  7.88619918E-01
  4.40710024E-01  7.88878750E-01
  4.41729355E-01  7.89137388E-01
  4.42748787E-01  7.89395803E-01
  4.43768321E-01  7.89654022E-01
  4.44787957E-01  7.89912021E-01
  4.45807695E-01  7.90169822E-01
  4.46827535E-01  7.90427404E-01
  4.47847477E-01  7.90684787E-01
  4.48867522E-01  7.90941952E-01
  4.49887668E-01  7.91198918E-01
  4.50907916E-01  7.91455666E-01
  4.51928266E-01  7.91712214E-01
  4.52948718E-01  7.91968546E-01
  4.53969272E-01  7.92224676E-01
  4.54989929E-01  7.92480591E-01
  4.56010687E-01  7.92736304E-01
  4.57031547E-01  7.92991801E-01
  4.58052510E-01  7.93247096E-01
  4.59073574E-01  7.93502176E-01
  4.60094741E-01  7.93757052E-01
  4.61116010E-01  7.94011714E-01
  4.62137381E-01  7.94266171E-01
  4.63158854E-01  7.94520415E-01
  4.64180429E-01  7.94774453E-01
  4.65202107E-01  7.95028277E-01
  4.66223887E-01  7.95281895E-01
  4.67245768E-01  7.95535300E-01
  4.68267752E-01  7.95788498E-01
  4.69289839E-01  7.96041482E-01
  4.70312027E-01  7.96294259E-01
  4.71334318E-01  7.96546822E-01
  4.72356710E-01  7.96799177E-01
  4.73379206E-01  7.97051318E-01
  4.74401803E-01  7.97303250E-01
  4.75424503E-01  7.97554969E-01
  4.76447305E-01  7.97806477E-01
  4.77470209E-01  7.98057772E-01
  4.78493215E-01  7.98308855E-01
  4.79516324E-01  7.98559726E-01
  4.80539535E-01  7.98810384E-01
  4.81562849E-01  7.99060829E-01
  4.82586264E-01  7.99311060E-01
  4.83609782E-01  7.99561078E-01
  4.84633403E-01  7.99810882E-01
  4.85657126E-01  8.00060472E-01
  4.86680951E-01  8.00309848E-01
  4.87704879E-01  8.00559009E-01
  4.88728909E-01  8.00807955E-01
  4.89753041E-01  8.01056686E-01
  4.90777276E-01  8.01305202E-01
  4.91801613E-01  8.01553501E-01
  4.92826053E-01  8.01801585E-01
  4.93850595E-01  8.02049452E-01
  4.94875240E-01  8.02297102E-01
  4.95899987E-01  8.02544535E-01
  4.96924836E-01  8.02791751E-01
  4.97949788E-01  8.03038750E-01
  4.98974843E-01  8.03285530E-01
  5.00000000E-01  8.03532093E-01
  5.01025157E-01  8.03778416E-01
  5.02050212E-01  8.04024469E-01
  5.03075164E-01  8.04270256E-01
  5.04100013E-01  8.04515773E-01
  5.05124760E-01  8.04761023E-01
  5.06149405E-01  8.05006004E-01
  5.07173947E-01  8.05250716E-01
  5.08198387E-01  8.05495159E-01
  5.09222724E-01  8.05739333E-01
  5.10246959E-01  8.05983238E-01
  5.11271091E-01  8.06226874E-01
  5.12295121E-01  8.06470240E-01
  5.13319049E-01  8.06713336E-01
  5.14342874E-01  8.06956163E-01
  5.15366597E-01  8.07198719E-01
  5.16390218E-01  8.07441006E-01
  5.17413736E-01  8.07683022E-01
  5.18437151E-01  8.07924768E-01
  5.19460465E-01  8.08166243E-01
  5.20483676E-01  8.08407447E-01
  5.21506785E-01  8.08648381E-01
  5.22529791E-01  8.08889044E-01
  5.23552695E-01  8.09129435E-01
  5.24575497E-01  8.09369556E-01
  5.25598197E-01  8.09609404E-01
  5.26620794E-01  8.09848982E-01
  5.27643290E-01  8.10088288E-01
  5.28665682E-01  8.10327323E-01
  5.29687973E-01  8.10566085E-01
  5.30710161E-01  8.10804576E-01
  5.31732248E-01  8.11042794E-01
  5.32754232E-01  8.11280742E-01
  5.33776113E-01  8.11518415E-01
  5.34797893E-01  8.11755819E-01
  5.35819571E-01  8.11992948E-01
  5.36841146E-01  8.12229807E-01
  5.37862619E-01  8.12466391E-01
  5.38883990E-01  8.12702705E-01
  5.39905259E-01  8.12938744E-01
  5.40926426E-01  8.13174514E-01
  5.41947490E-01  8.13410007E-01
  5.42968453E-01  8.13645232E-01
  5.43989313E-01  8.13880180E-01
  5.45010071E-01  8.14114860E-01
  5.46030728E-01  8.14349262E-01
  5.47051282E-01  8.14583397E-01
  5.48071734E-01  8.14817254E-01
  5.49092084E-01  8.15050844E-01
  5.50112332E-01  8.15284155E-01
  5.51132478E-01  8.15517201E-01
  5.52152523E-01  8.15749966E-01
  5.53172465E-01  8.15982467E-01
  5.54192305E-01  8.16214688E-01
  5.55212043E-01  8.16446645E-01
  5.56231679E-01  8.16678320E-01
  5.57251213E-01  8.16909733E-01
  5.58270645E-01  8.17140863E-01
  5.59289976E-01  8.17371732E-01
  5.60309204E-01  8.17602318E-01
  5.61328330E-01  8.17832645E-01
  5.62347355E-01  8.18062687E-01
  5.63366278E-01  8.18292471E-01
  5.64385098E-01  8.18521969E-01
  5.65403817E-01  8.18751211E-01
  5.66422434E-01  8.18980167E-01
  5.67440949E-01  8.19208867E-01
  5.68459363E-01  8.19437281E-01
  5.69477674E-01  8.19665441E-01
  5.70495884E-01  8.19893313E-01
  5.71513992E-01  8.20120934E-01
  5.72531998E-01  8.20348265E-01
  5.73549902E-01  8.20575347E-01
  5.74567704E-01  8.20802139E-01
  5.75585405E-01  8.21028683E-01
  5.76603004E-01  8.21254936E-01
  5.77620501E-01  8.21480944E-01
  5.78637897E-01  8.21706659E-01
  5.79655190E-01  8.21932132E-01
  5.80672382E-01  8.22157310E-01
  5.81689472E-01  8.22382249E-01
  5.82706461E-01  8.22606892E-01
  5.83723348E-01  8.22831298E-01
  5.84740133E-01  8.23055407E-01
  5.85756816E-01  8.23279283E-01
  5.86773398E-01  8.23502859E-01
  5.87789878E-01  8.23726205E-01
  5.88806257E-01  8.23949250E-01
  5.89822534E-01  8.24172068E-01
  5.90838709E-01  8.24394583E-01
  5.91854783E-01  8.24616875E-01
  5.92870755E-01  8.24838863E-01
  5.93886625E-01  8.25060630E-01
  5.94902394E-01  8.25282092E-01
  5.95918061E-01  8.25503337E-01
  5.96933627E-01  8.25724274E-01
  5.97949091E-01  8.25944999E-01
  5.98964454E-01  8.26165415E-01
  5.99979715E-01  8.26385622E-01
  6.00994875E-01  8.26605517E-01
  6.02009933E-01  8.26825208E-01
  6.03024889E-01  8.27044585E-01
  6.04039744E-01  8.27263762E-01
  6.05054498E-01  8.27482624E-01
  6.06069150E-01  8.27701290E-01
  6.07083701E-01  8.27919639E-01
  6.08098150E-01  8.28137797E-01
  6.09112498E-01  8.28355634E-01
  6.10126744E-01  8.28573286E-01
  6.11140889E-01  8.28790616E-01
  6.12154933E-01  8.29007764E-01
  6.13168875E-01  8.29224588E-01
  6.14182716E-01  8.29441236E-01
  6.15196455E-01  8.29657558E-01
  6.16210093E-01  8.29873709E-01
  6.17223630E-01  8.30089531E-01
  6.18237065E-01  8.30305187E-01
  6.19250399E-01  8.30520512E-01
  6.20263631E-01  8.30735678E-01
  6.21276763E-01  8.30950509E-01
  6.22289793E-01  8.31165187E-01
  6.23302721E-01  8.31379528E-01
  6.24315549E-01  8.31593721E-01
  6.25328275E-01  8.31807575E-01
  6.26340900E-01  8.32021287E-01
  6.27353423E-01  8.32234657E-01
  6.28365846E-01  8.32447892E-01
  6.29378167E-01  8.32660783E-01
  6.30390387E-01  8.32873544E-01
  6.31402505E-01  8.33085958E-01
  6.32414523E-01  8.33298250E-01
  6.33426439E-01  8.33510191E-01
  6.34438254E-01  8.33722017E-01
  6.35449968E-01  8.33933489E-01
  6.36461581E-01  8.34144854E-01
  6.37473093E-01  8.34355861E-01
  6.38484503E-01  8.34566768E-01
  6.39495812E-01  8.34777315E-01
  6.40507020E-01  8.34987769E-01
  6.41518128E-01  8.35197859E-01
  6.42529133E-01  8.35407864E-01
  6.43540038E-01  8.35617502E-01
  6.44550842E-01  8.35827063E-01
  6.45561545E-01  8.36036254E-01
  6.46572146E-01  8.36245375E-01
  6.47582647E-01  8.36454123E-01
  6.48593047E-01  8.36662809E-01
  6.49603345E-01  8.36871118E-01
  6.50613543E-01  8.37079375E-01
  6.51623639E-01  8.37287250E-01
  6.52633635E-01  8.37495082E-01
  6.53643529E-01  8.37702529E-01
  6.54653322E-01  8.37909941E-01
  6.55663015E-01  8.38116964E-01
  6.56672606E-01  8.38323961E-01
  6.57682097E-01  8.38530566E-01
  6.58691487E-01  8.38737154E-01
  6.59700775E-01  8.38943346E-01
  6.60709963E-01  8.39149531E-01
  6.61719050E-01  8.39355315E-01
  6.62728036E-01  8.39561101E-01
  6.63736921E-01  8.39766483E-01
  6.64745705E-01  8.39971877E-01
  6.65754389E-01  8.40176862E-01
  6.66762971E-01  8.40381870E-01
  6.67771453E-01  8.40586464E-01
  6.68779833E-01  8.40791091E-01
  6.69788113E-01  8.40995301E-01
  6.70796293E-01  8.41199553E-01
  6.71804371E-01  8.41403384E-01
  6.72812348E-01  8.41607269E-01
  6.73820225E-01  8.41810727E-01
  6.74828001E-01  8.42014250E-01
  6.75835676E-01  8.42217342E-01
  6.76843250E-01  8.42420510E-01
  6.77850724E-01  8.42623242E-01
  6.78858097E-01  8.42826061E-01
  6.79865369E-01  8.43028439E-01
  6.80872540E-01  8.43230917E-01
  6.81879611E-01  8.43432949E-01
  6.82886581E-01  8.43635091E-01
  6.83893451E-01  8.43836783E-01
  6.84900219E-01  8.44038598E-01
  6.85906887E-01  8.44239957E-01
  6.86913454E-01  8.44441452E-01
  6.87919921E-01  8.44642485E-01
  6.88926287E-01  8.44843666E-01
  6.89932553E-01  8.45044381E-01
  6.90938717E-01  8.45245256E-01
  6.91944781E-01  8.45445660E-01
  6.92950745E-01  8.45646237E-01
  6.93956608E-01  8.45846337E-01
  6.94962370E-01  8.46046624E-01
  6.95968032E-01  8.46246428E-01
  6.96973593E-01  8.46446432E-01
  6.97979054E-01  8.46645948E-01
  6.98984414E-01  8.46845678E-01
  6.99989674E-01  8.47044914E-01
  7.00994833E-01  8.47244378E-01
  7.01999891E-01  8.47443342E-01
  7.03004850E-01  8.47642548E-01
  7.04009707E-01  8.47841249E-01
  7.05014464E-01  8.48040205E-01
  7.06019121E-01  8.48238650E-01
  7.07023677E-01  8.48437367E-01
  7.08028133E-01  8.48635565E-01
  7.09032488E-01  8.48834050E-01
  7.10036743E-01  8.49032010E-01
  7.11040897E-01  8.49230272E-01
  7.12044951E-01  8.49428004E-01
  7.13048905E-01  8.49626053E-01
  7.14052758E-01  8.49823565E-01
  7.15056511E-01  8.50021409E-01
  7.16060164E-01  8.50218711E-01
  7.17063716E-01  8.50416361E-01
  7.18067168E-01  8.50613461E-01
  7.19070519E-01  8.50810926E-01
  7.20073770E-01  8.51007835E-01
  7.21076921E-01  8.51205126E-01
  7.22079971E-01  8.51401853E-01
  7.23082922E-01  8.51598979E-01
  7.24085771E-01  8.51795535E-01
  7.25088521E-01  8.51992507E-01
  7.26091170E-01  8.52188901E-01
  7.27093720E-01  8.52385729E-01
  7.28096168E-01  8.52581972E-01
  7.29098517E-01  8.52778667E-01
  7.30100765E-01  8.52974770E-01
  7.31102913E-01  8.53171343E-01
  7.32104961E-01  8.53367316E-01
  7.33106909E-01  8.53563778E-01
  7.34108757E-01  8.53759632E-01
  7.35110504E-01  8.53955994E-01
  7.36112151E-01  8.54151742E-01
  7.37113698E-01  8.54348016E-01
  7.38115145E-01  8.54543667E-01
  7.39116492E-01  8.54739865E-01
  7.40117738E-01  8.54935432E-01
  7.41118885E-01  8.55131566E-01
  7.42119931E-01  8.55327061E-01
  7.43120878E-01  8.55523143E-01
  7.44121724E-01  8.55718578E-01
  7.45122470E-01  8.55914621E-01
  7.46123116E-01  8.56110008E-01
  7.47123662E-01  8.56306024E-01
  7.48124108E-01  8.56501376E-01
  7.49124454E-01  8.56697379E-01
  7.50124700E-01  8.56892709E-01
  7.51124845E-01  8.57088712E-01
  7.52124891E-01  8.57284033E-01
  7.53124837E-01  8.57480050E-01
  7.54124683E-01  8.57675376E-01
  7.55124429E-01  8.57871420E-01
  7.56124075E-01  8.58066764E-01
  7.57123621E-01  8.58262850E-01
  7.58123067E-01  8.58458227E-01
  7.59122413E-01  8.58654369E-01
  7.60121659E-01  8.58849793E-01
  7.61120805E-01  8.59046007E-01
  7.62119851E-01  8.59241492E-01
  7.63118798E-01  8.59437792E-01
  7.64117644E-01  8.59633355E-01
  7.65116391E-01  8.59829757E-01
  7.66115038E-01  8.60025411E-01
  7.67113585E-01  8.60221931E-01
  7.68112032E-01  8.60417693E-01
  7.69110379E-01  8.60614347E-01
  7.70108626E-01  8.60810234E-01
  7.71106774E-01  8.61007038E-01
  7.72104821E-01  8.61203065E-01
  7.73102769E-01  8.61400038E-01
  7.74100618E-01  8.61596222E-01
  7.75098366E-01  8.61793380E-01
  7.76096015E-01  8.61989740E-01
  7.77093563E-01  8.62187101E-01
  7.78091012E-01  8.62383652E-01
  7.79088362E-01  8.62581235E-01
  7.80085611E-01  8.62777997E-01
  7.81082761E-01  8.62975820E-01
  7.82079812E-01  8.63172812E-01
  7.83076762E-01  8.63370895E-01
  7.84073613E-01  8.63568135E-01
  7.85070364E-01  8.63766497E-01
  7.86067015E-01  8.63964005E-01
  7.87063567E-01  8.64162667E-01
  7.88060019E-01  8.64360463E-01
  7.89056372E-01  8.64559446E-01
  7.90052625E-01  8.64757551E-01
  7.91048778E-01  8.64956875E-01
  7.92044832E-01  8.65155310E-01
  7.93040786E-01  8.65354999E-01
  7.94036640E-01  8.65553786E-01
  7.95032395E-01  8.65753861E-01
  7.96028050E-01  8.65953022E-01
  7.97023606E-01  8.66153507E-01
  7.98019062E-01  8.66353065E-01
  7.99014419E-01  8.66553984E-01
  8.00009676E-01  8.66753963E-01
  8.01004834E-01  8.66955340E-01
  8.01999892E-01  8.67155765E-01
  8.02994850E-01  8.67357626E-01
  8.03989709E-01  8.67558521E-01
  8.04984469E-01  8.67760891E-01
  8.05979129E-01  8.67962283E-01
  8.06973690E-01  8.68165190E-01
  8.07968151E-01  8.68367105E-01
  8.08962513E-01  8.68570576E-01
  8.09956775E-01  8.68773042E-01
  8.10950938E-01  8.68977106E-01
  8.11945002E-01  8.69180150E-01
  8.12938966E-01  8.69384837E-01
  8.13932831E-01  8.69588490E-01
  8.14926596E-01  8.69793828E-01
  8.15920262E-01  8.69998120E-01
  8.16913828E-01  8.70204143E-01
  8.17907296E-01  8.70409104E-01
  8.18900664E-01  8.70615844E-01
  8.19893932E-01  8.70821507E-01
  8.20887102E-01  8.71028997E-01
  8.21880172E-01  8.71235396E-01
  8.22873142E-01  8.71443671E-01
  8.23866014E-01  8.71650839E-01
  8.24858786E-01  8.71859935E-01
  8.25851458E-01  8.72067909E-01
  8.26844032E-01  8.72277863E-01
  8.27836506E-01  8.72486680E-01
  8.28828881E-01  8.72697530E-01
  8.29821157E-01  8.72907228E-01
  8.30813334E-01  8.73119015E-01
  8.31805411E-01  8.73329634E-01
  8.32797389E-01  8.73542399E-01
  8.33789268E-01  8.73753980E-01
  8.34781048E-01  8.73967765E-01
  8.35772729E-01  8.74180351E-01
  8.36764310E-01  8.74395203E-01
  8.37755793E-01  8.74608838E-01
  8.38747176E-01  8.74824801E-01
  8.39738460E-01  8.75039532E-01
  8.40729645E-01  8.75256656E-01
  8.41720730E-01  8.75472530E-01
  8.42711717E-01  8.75690865E-01
  8.43702605E-01  8.75907933E-01
  8.44693393E-01  8.76127530E-01
  8.45684083E-01  8.76345844E-01
  8.46674673E-01  8.76566758E-01
  8.47665164E-01  8.76786372E-01
  8.48655557E-01  8.77008660E-01
  8.49645850E-01  8.77229630E-01
  8.50636044E-01  8.77453352E-01
  8.51626139E-01  8.77675738E-01
  8.52616136E-01  8.77900953E-01
  8.53606033E-01  8.78124817E-01
  8.54595831E-01  8.78351592E-01
  8.55585530E-01  8.78576997E-01
  8.56575131E-01  8.78805399E-01
  8.57564632E-01  8.79032413E-01
  8.58554034E-01  8.79262511E-01
  8.59543338E-01  8.79491205E-01
  8.60532542E-01  8.79723074E-01
  8.61521648E-01  8.79953521E-01
  8.62510655E-01  8.80187238E-01
  8.63499563E-01  8.80419515E-01
  8.64488371E-01  8.80655162E-01
  8.65477082E-01  8.80889350E-01
  8.66465693E-01  8.81127011E-01
  8.67454205E-01  8.81363196E-01
  8.68442619E-01  8.81602961E-01
  8.69430933E-01  8.81841231E-01
  8.70419149E-01  8.82083193E-01
  8.71407266E-01  8.82323643E-01
  8.72395284E-01  8.82567900E-01
  8.73383204E-01  8.82810629E-01
  8.74371024E-01  8.83057286E-01
  8.75358746E-01  8.83302398E-01
  8.76346369E-01  8.83551564E-01
  8.77333893E-01  8.83799168E-01
  8.78321319E-01  8.84050958E-01
  8.79308646E-01  8.84301170E-01
  8.80295874E-01  8.84555707E-01
  8.81283003E-01  8.84808650E-01
  8.82270034E-01  8.85066062E-01
  8.83256966E-01  8.85321863E-01
  8.84243799E-01  8.85582287E-01
  8.85230534E-01  8.85841085E-01
  8.86217170E-01  8.86104663E-01
  8.87203707E-01  8.86366603E-01
  8.88190146E-01  8.86633489E-01
  8.89176486E-01  8.86898723E-01
  8.90162727E-01  8.87169080E-01
  8.91148870E-01  8.87437773E-01
  8.92134914E-01  8.87711772E-01
  8.93120859E-01  8.87984095E-01
  8.94106706E-01  8.88261921E-01
  8.95092455E-01  8.88538060E-01
  8.96078105E-01  8.88819906E-01
  8.97063656E-01  8.89100058E-01
  8.98049108E-01  8.89386132E-01
  8.99034463E-01  8.89670506E-01
  9.00019718E-01  8.89961031E-01
  9.01004875E-01  8.90249851E-01
  9.01989934E-01  8.90545065E-01
  9.02974894E-01  8.90838570E-01
  9.03959756E-01  8.91138726E-01
  9.04944519E-01  8.91437174E-01
  9.05929183E-01  8.91742544E-01
  9.06913750E-01  8.92046210E-01
  9.07898217E-01  8.92357086E-01
  9.08882587E-01  8.92666266E-01
  9.09866857E-01  8.92982963E-01
  9.10851030E-01  8.93297975E-01
  9.11835104E-01  8.93620832E-01
  9.12819079E-01  8.93942018E-01
  9.13802957E-01  8.94271399E-01
  9.14786735E-01  8.94599131E-01
  9.15770416E-01  8.94935432E-01
  9.16753998E-01  8.95270109E-01
  9.17737482E-01  8.95613756E-01
  9.18720867E-01  8.95955814E-01
  9.19704154E-01  8.96307270E-01
  9.20687343E-01  8.96657179E-01
  9.21670433E-01  8.97016948E-01
  9.22653426E-01  8.97375220E-01
  9.23636319E-01  8.97743851E-01
  9.24619115E-01  8.98111046E-01
  9.25601812E-01  8.98489136E-01
  9.26584411E-01  8.98865863E-01
  9.27566912E-01  8.99254067E-01
  9.28549315E-01  8.99640996E-01
  9.29531619E-01  9.00040031E-01
  9.30513825E-01  9.00437895E-01
  9.31495933E-01  9.00848549E-01
  9.32477942E-01  9.01258156E-01
  9.33459854E-01  9.01681298E-01
  9.34441667E-01  9.02103538E-01
  9.35423382E-01  9.02540128E-01
  9.36404999E-01  9.02975988E-01
  9.37386518E-01  9.03427089E-01
  9.38367938E-01  9.03877663E-01
  9.39349261E-01  9.04344457E-01
  9.40330485E-01  9.04810961E-01
  9.41311611E-01  9.05294766E-01
  9.42292639E-01  9.05778563E-01
  9.43273570E-01  9.06280853E-01
  9.44254401E-01  9.06783465E-01
  9.45235135E-01  9.07305895E-01
  9.46215771E-01  9.07829039E-01
  9.47196309E-01  9.08373473E-01
  9.48176748E-01  9.08919084E-01
  9.49157090E-01  9.09487632E-01
  9.50137334E-01  9.10057905E-01
  9.51117479E-01  9.10652965E-01
  9.52097527E-01  9.11250400E-01
  9.53077476E-01  9.11874705E-01
  9.54057328E-01  9.12502162E-01
  9.55037082E-01  9.13158848E-01
  9.56016737E-01  9.13819614E-01
  9.56996295E-01  9.14512292E-01
  9.57975755E-01  9.15210166E-01
  9.58955116E-01  9.15943018E-01
  9.59934380E-01  9.16682411E-01
  9.60913546E-01  9.17460308E-01
  9.61892614E-01  9.18246374E-01
  9.62871584E-01  9.19075020E-01
  9.63850457E-01  9.19913815E-01
  9.64829231E-01  9.20799928E-01
  9.65807907E-01  9.21698614E-01
  9.66786486E-01  9.22650159E-01
  9.67764967E-01  9.23617258E-01
  9.68743350E-01  9.24643731E-01
  9.69721635E-01  9.25689446E-01
  9.70699822E-01  9.26802241E-01
  9.71677911E-01  9.27938864E-01
  9.72655903E-01  9.29151726E-01
  9.73633797E-01  9.30394141E-01
  9.74611593E-01  9.31723723E-01
  9.75589291E-01  9.33090029E-01
  9.76566892E-01  9.34556555E-01
  9.77544394E-01  9.36068783E-01
  9.78521799E-01  9.37696767E-01
  9.79499107E-01  9.39381635E-01
  9.80476316E-01  9.41200523E-01
  9.81453428E-01  9.43089988E-01
  9.82430442E-01  9.45134314E-01
  9.83407359E-01  9.47265352E-01
  9.84384177E-01  9.49573472E-01
  9.85360899E-01  9.51985702E-01
  9.86337522E-01  9.54595046E-01
  9.87314048E-01  9.57323355E-01
  9.88290476E-01  9.60258388E-01
  9.89266806E-01  9.63315868E-01
  9.90243039E-01  9.66564341E-01
  9.91219174E-01  9.69912624E-01
  9.92195212E-01  9.73393945E-01
  9.93171152E-01  9.76915081E-01
  9.94146994E-01  9.80471697E-01
  9.95122739E-01  9.83986155E-01
  9.96098386E-01  9.87438826E-01
  9.97073936E-01  9.90785476E-01
  9.98049388E-01  9.94013710E-01
  9.99024743E-01  9.97108990E-01
  1.00000000E+00  1.00000000E+00
