 ######################################################################
 #Data for Case=           1
 #   ALPHA,             N,       ITERATIONS, VW,          UMAX ,       UAVG,           UTAU1,          UTAU2    
  #  9.99999994E-09     101      1532  1.28400002E+01  1.63704617E+01  6.27986281E+00  2.80654152E-01  2.80654152E-01
 ######################################################################
 # YPAD(I)/H,     U(I)/VW	
  0.00000000E+00  0.00000000E+00
  9.99999750E-03  2.74958059E-01
  1.99999952E-02  2.86480158E-01
  2.99999930E-02  3.34369468E-01
  3.99999908E-02  3.41729431E-01
  4.99999887E-02  3.58206839E-01
  5.99999868E-02  3.64449068E-01
  6.99999850E-02  3.73577015E-01
  7.99999831E-02  3.78700291E-01
  8.99999815E-02  3.85040654E-01
  9.99999800E-02  3.89331481E-01
  1.09999979E-01  3.94264986E-01
  1.19999977E-01  3.97966762E-01
  1.29999976E-01  4.02061075E-01
  1.39999975E-01  4.05341250E-01
  1.49999974E-01  4.08883457E-01
  1.59999973E-01  4.11855308E-01
  1.69999972E-01  4.15011971E-01
  1.79999971E-01  4.17754076E-01
  1.89999971E-01  4.20631177E-01
  1.99999970E-01  4.23199806E-01
  2.09999970E-01  4.25869268E-01
  2.19999969E-01  4.28305918E-01
  2.29999969E-01  4.30818898E-01
  2.39999969E-01  4.33154931E-01
  2.49999969E-01  4.35549119E-01
  2.59999969E-01  4.37808706E-01
  2.69999969E-01  4.40112618E-01
  2.79999969E-01  4.42314650E-01
  2.89999970E-01  4.44550285E-01
  2.99999970E-01  4.46709645E-01
  3.09999971E-01  4.48894197E-01
  3.19999971E-01  4.51022634E-01
  3.29999972E-01  4.53169624E-01
  3.39999973E-01  4.55276357E-01
  3.49999974E-01  4.57396411E-01
  3.59999975E-01  4.59488569E-01
  3.69999976E-01  4.61589964E-01
  3.79999977E-01  4.63672918E-01
  3.89999978E-01  4.65761982E-01
  3.99999980E-01  4.67839620E-01
  4.09999981E-01  4.69921045E-01
  4.19999983E-01  4.71996006E-01
  4.29999985E-01  4.74073109E-01
  4.39999987E-01  4.76147014E-01
  4.49999989E-01  4.78221980E-01
  4.59999991E-01  4.80295664E-01
  4.69999993E-01  4.82369773E-01
  4.79999995E-01  4.84443525E-01
  4.89999997E-01  4.86517396E-01
  5.00000000E-01  4.88591213E-01
  5.10000003E-01  4.90665048E-01
  5.20000005E-01  4.92738891E-01
  5.30000007E-01  4.94812731E-01
  5.40000009E-01  4.96886788E-01
  5.50000011E-01  4.98960774E-01
  5.60000013E-01  5.01035713E-01
  5.70000015E-01  5.03110335E-01
  5.80000017E-01  5.05187551E-01
  5.90000019E-01  5.07263907E-01
  6.00000020E-01  5.09345757E-01
  6.10000022E-01  5.11425785E-01
  6.20000023E-01  5.13515821E-01
  6.30000024E-01  5.15602536E-01
  6.40000025E-01  5.17705740E-01
  6.50000026E-01  5.19803470E-01
  6.60000027E-01  5.21926519E-01
  6.70000028E-01  5.24041161E-01
  6.80000029E-01  5.26192745E-01
  6.90000029E-01  5.28332056E-01
  7.00000030E-01  5.30523294E-01
  7.10000030E-01  5.32697270E-01
  7.20000031E-01  5.34942277E-01
  7.30000031E-01  5.37163654E-01
  7.40000031E-01  5.39480354E-01
  7.50000031E-01  5.41765317E-01
  7.60000031E-01  5.44176631E-01
  7.70000031E-01  5.46545843E-01
  7.80000031E-01  5.49081480E-01
  7.90000030E-01  5.51561619E-01
  8.00000030E-01  5.54260844E-01
  8.10000029E-01  5.56886979E-01
  8.20000029E-01  5.59803042E-01
  8.30000028E-01  5.62622428E-01
  8.40000027E-01  5.65829969E-01
  8.50000026E-01  5.68908431E-01
  8.60000025E-01  5.72516566E-01
  8.70000024E-01  5.75949925E-01
  8.80000023E-01  5.80127117E-01
  8.90000021E-01  5.84063508E-01
  9.00000020E-01  5.89089552E-01
  9.10000018E-01  5.93778254E-01
  9.20000017E-01  6.00168033E-01
  9.30000015E-01  6.06083896E-01
  9.40000013E-01  6.14941295E-01
  9.50000011E-01  6.23176818E-01
  9.60000009E-01  6.37538435E-01
  9.70000007E-01  6.51526583E-01
  9.80000005E-01  6.85002308E-01
  9.90000002E-01  7.25041941E-01
  1.00000000E+00  1.00000000E+00
