 ######################################################################
 #Data for Case=          18
 #   ALPHA,             N,       ITERATIONS, VW,          UMAX ,       UAVG,           UTAU1,          UTAU2    
  #  9.99999975E-05    1001     10000  3.75000000E+00  3.89141528E+00  2.40556218E+00  4.07549113E-02  1.34681244E-01
 ######################################################################
 # YPAD(I)/H,     U(I)/UAVG	
  0.00000000E+00  2.78435206E+01
  9.75257087E-04  1.56025908E+00
  1.95061171E-03  1.56160721E+00
  2.92606386E-03  1.56293951E+00
  3.90161357E-03  1.56425600E+00
  4.87726084E-03  1.56555665E+00
  5.85300568E-03  1.56684147E+00
  6.82884809E-03  1.56811044E+00
  7.80478810E-03  1.56936358E+00
  8.78082571E-03  1.57060086E+00
  9.75696092E-03  1.57182229E+00
  1.07331938E-02  1.57302786E+00
  1.17095242E-02  1.57421757E+00
  1.26859523E-02  1.57539141E+00
  1.36624781E-02  1.57654937E+00
  1.46391015E-02  1.57769146E+00
  1.56158225E-02  1.57881767E+00
  1.65926413E-02  1.57992798E+00
  1.75695577E-02  1.58102240E+00
  1.85465718E-02  1.58210093E+00
  1.95236837E-02  1.58316354E+00
  2.05008932E-02  1.58421024E+00
  2.14782005E-02  1.58524102E+00
  2.24556055E-02  1.58625587E+00
  2.34331083E-02  1.58725478E+00
  2.44107088E-02  1.58823776E+00
  2.53884071E-02  1.58920478E+00
  2.63662031E-02  1.59015585E+00
  2.73440970E-02  1.59109093E+00
  2.83220886E-02  1.59201005E+00
  2.93001780E-02  1.59291316E+00
  3.02783653E-02  1.59380030E+00
  3.12566504E-02  1.59467139E+00
  3.22350333E-02  1.59552650E+00
  3.32135140E-02  1.59636553E+00
  3.41920926E-02  1.59718856E+00
  3.51707691E-02  1.59799547E+00
  3.61495434E-02  1.59878638E+00
  3.71284157E-02  1.59956112E+00
  3.81073858E-02  1.60031984E+00
  3.90864538E-02  1.60106235E+00
  4.00656197E-02  1.60178883E+00
  4.10448836E-02  1.60249905E+00
  4.20242454E-02  1.60319323E+00
  4.30037051E-02  1.60387110E+00
  4.39832628E-02  1.60453292E+00
  4.49629184E-02  1.60517836E+00
  4.59426720E-02  1.60580776E+00
  4.69225236E-02  1.60642073E+00
  4.79024731E-02  1.60701765E+00
  4.88825207E-02  1.60759807E+00
  4.98626663E-02  1.60816244E+00
  5.08429099E-02  1.60871027E+00
  5.18232515E-02  1.60924205E+00
  5.28036912E-02  1.60975722E+00
  5.37842289E-02  1.61025636E+00
  5.47648647E-02  1.61073884E+00
  5.57455986E-02  1.61120530E+00
  5.67264305E-02  1.61165506E+00
  5.77073605E-02  1.61208880E+00
  5.86883886E-02  1.61250582E+00
  5.96695148E-02  1.61290683E+00
  6.06507392E-02  1.61329110E+00
  6.16320616E-02  1.61365939E+00
  6.26134822E-02  1.61401093E+00
  6.35950010E-02  1.61434653E+00
  6.45766179E-02  1.61466537E+00
  6.55583330E-02  1.61496831E+00
  6.65401462E-02  1.61525453E+00
  6.75220576E-02  1.61552488E+00
  6.85040673E-02  1.61577857E+00
  6.94861751E-02  1.61601645E+00
  7.04683812E-02  1.61623773E+00
  7.14506854E-02  1.61644327E+00
  7.24330880E-02  1.61663232E+00
  7.34155887E-02  1.61680571E+00
  7.43981877E-02  1.61696274E+00
  7.53808850E-02  1.61710421E+00
  7.63636806E-02  1.61722950E+00
  7.73465744E-02  1.61733932E+00
  7.83295665E-02  1.61743318E+00
  7.93126570E-02  1.61751171E+00
  8.02958457E-02  1.61757454E+00
  8.12791328E-02  1.61762219E+00
  8.22625182E-02  1.61765445E+00
  8.32460019E-02  1.61767170E+00
  8.42295840E-02  1.61767395E+00
  8.52132645E-02  1.61766138E+00
  8.61970433E-02  1.61763423E+00
  8.71809206E-02  1.61759242E+00
  8.81648962E-02  1.61753644E+00
  8.91489702E-02  1.61746596E+00
  9.01331426E-02  1.61738176E+00
  9.11174135E-02  1.61728320E+00
  9.21017828E-02  1.61717140E+00
  9.30862505E-02  1.61704538E+00
  9.40708167E-02  1.61690660E+00
  9.50554813E-02  1.61675376E+00
  9.60402444E-02  1.61658865E+00
  9.70251060E-02  1.61640961E+00
  9.80100661E-02  1.61621880E+00
  9.89951247E-02  1.61601419E+00
  9.99802818E-02  1.61579831E+00
  1.00965537E-01  1.61556874E+00
  1.01950892E-01  1.61532841E+00
  1.02936344E-01  1.61507448E+00
  1.03921895E-01  1.61481029E+00
  1.04907545E-01  1.61453258E+00
  1.05893294E-01  1.61424508E+00
  1.06879141E-01  1.61394413E+00
  1.07865086E-01  1.61363387E+00
  1.08851130E-01  1.61331021E+00
  1.09837273E-01  1.61297768E+00
  1.10823514E-01  1.61263178E+00
  1.11809854E-01  1.61227745E+00
  1.12796293E-01  1.61190976E+00
  1.13782830E-01  1.61153406E+00
  1.14769466E-01  1.61114500E+00
  1.15756201E-01  1.61074831E+00
  1.16743034E-01  1.61033824E+00
  1.17729966E-01  1.60992091E+00
  1.18716997E-01  1.60949017E+00
  1.19704126E-01  1.60905252E+00
  1.20691354E-01  1.60860141E+00
  1.21678681E-01  1.60814370E+00
  1.22666107E-01  1.60767248E+00
  1.23653631E-01  1.60719496E+00
  1.24641254E-01  1.60670385E+00
  1.25628976E-01  1.60620671E+00
  1.26616796E-01  1.60569591E+00
  1.27604716E-01  1.60517932E+00
  1.28592734E-01  1.60464899E+00
  1.29580851E-01  1.60411310E+00
  1.30569067E-01  1.60356335E+00
  1.31557381E-01  1.60300826E+00
  1.32545795E-01  1.60243922E+00
  1.33534307E-01  1.60186501E+00
  1.34522918E-01  1.60127674E+00
  1.35511629E-01  1.60068347E+00
  1.36500437E-01  1.60007602E+00
  1.37489345E-01  1.59946373E+00
  1.38478352E-01  1.59883713E+00
  1.39467458E-01  1.59820583E+00
  1.40456662E-01  1.59756010E+00
  1.41445966E-01  1.59690979E+00
  1.42435368E-01  1.59624492E+00
  1.43424869E-01  1.59557557E+00
  1.44414470E-01  1.59489154E+00
  1.45404169E-01  1.59420313E+00
  1.46393967E-01  1.59349990E+00
  1.47383864E-01  1.59279237E+00
  1.48373861E-01  1.59206990E+00
  1.49363956E-01  1.59134320E+00
  1.50354150E-01  1.59060143E+00
  1.51344443E-01  1.58985549E+00
  1.52334836E-01  1.58909435E+00
  1.53325327E-01  1.58832911E+00
  1.54315917E-01  1.58754854E+00
  1.55306607E-01  1.58676390E+00
  1.56297395E-01  1.58596382E+00
  1.57288283E-01  1.58515971E+00
  1.58279270E-01  1.58434004E+00
  1.59270355E-01  1.58351637E+00
  1.60261540E-01  1.58267702E+00
  1.61252824E-01  1.58183370E+00
  1.62244207E-01  1.58097458E+00
  1.63235690E-01  1.58011153E+00
  1.64227271E-01  1.57923256E+00
  1.65218952E-01  1.57834967E+00
  1.66210732E-01  1.57745076E+00
  1.67202611E-01  1.57654796E+00
  1.68194589E-01  1.57562902E+00
  1.69186666E-01  1.57470620E+00
  1.70178843E-01  1.57376716E+00
  1.71171119E-01  1.57282423E+00
  1.72163494E-01  1.57186499E+00
  1.73155968E-01  1.57090188E+00
  1.74148542E-01  1.56992235E+00
  1.75141214E-01  1.56893897E+00
  1.76133986E-01  1.56793909E+00
  1.77126858E-01  1.56693534E+00
  1.78119828E-01  1.56591502E+00
  1.79112898E-01  1.56489084E+00
  1.80106068E-01  1.56385001E+00
  1.81099336E-01  1.56280532E+00
  1.82092704E-01  1.56174390E+00
  1.83086172E-01  1.56067862E+00
  1.84079738E-01  1.55959655E+00
  1.85073404E-01  1.55851062E+00
  1.86067169E-01  1.55740783E+00
  1.87061034E-01  1.55630118E+00
  1.88054998E-01  1.55517761E+00
  1.89049062E-01  1.55405018E+00
  1.90043225E-01  1.55290577E+00
  1.91037487E-01  1.55175750E+00
  1.92031849E-01  1.55059220E+00
  1.93026310E-01  1.54942302E+00
  1.94020871E-01  1.54823678E+00
  1.95015531E-01  1.54704666E+00
  1.96010291E-01  1.54583943E+00
  1.97005150E-01  1.54462831E+00
  1.98000108E-01  1.54340004E+00
  1.98995166E-01  1.54216788E+00
  1.99990324E-01  1.54091853E+00
  2.00985581E-01  1.53966529E+00
  2.01980938E-01  1.53839483E+00
  2.02976394E-01  1.53712047E+00
  2.03971950E-01  1.53582886E+00
  2.04967605E-01  1.53453335E+00
  2.05963360E-01  1.53322056E+00
  2.06959214E-01  1.53190387E+00
  2.07955168E-01  1.53056987E+00
  2.08951222E-01  1.52923196E+00
  2.09947375E-01  1.52787673E+00
  2.10943628E-01  1.52651759E+00
  2.11939981E-01  1.52514110E+00
  2.12936433E-01  1.52376070E+00
  2.13932985E-01  1.52236294E+00
  2.14929636E-01  1.52096125E+00
  2.15926387E-01  1.51954221E+00
  2.16923238E-01  1.51811923E+00
  2.17920188E-01  1.51667888E+00
  2.18917239E-01  1.51523459E+00
  2.19914389E-01  1.51377292E+00
  2.20911638E-01  1.51230731E+00
  2.21908988E-01  1.51082432E+00
  2.22906437E-01  1.50933738E+00
  2.23903985E-01  1.50783306E+00
  2.24901634E-01  1.50632478E+00
  2.25899382E-01  1.50479913E+00
  2.26897231E-01  1.50326951E+00
  2.27895179E-01  1.50172252E+00
  2.28893226E-01  1.50017156E+00
  2.29891374E-01  1.49860323E+00
  2.30889621E-01  1.49703093E+00
  2.31887968E-01  1.49544126E+00
  2.32886415E-01  1.49384761E+00
  2.33884962E-01  1.49223661E+00
  2.34883609E-01  1.49062163E+00
  2.35882356E-01  1.48898931E+00
  2.36881202E-01  1.48735300E+00
  2.37880149E-01  1.48569935E+00
  2.38879195E-01  1.48404171E+00
  2.39878341E-01  1.48236675E+00
  2.40877587E-01  1.48068780E+00
  2.41876933E-01  1.47899155E+00
  2.42876379E-01  1.47729129E+00
  2.43875925E-01  1.47557374E+00
  2.44875571E-01  1.47385220E+00
  2.45875317E-01  1.47211338E+00
  2.46875163E-01  1.47037055E+00
  2.47875109E-01  1.46861047E+00
  2.48875155E-01  1.46684638E+00
  2.49875300E-01  1.46506505E+00
  2.50875546E-01  1.46327971E+00
  2.51875892E-01  1.46147717E+00
  2.52876338E-01  1.45967060E+00
  2.53876884E-01  1.45784684E+00
  2.54877530E-01  1.45601906E+00
  2.55878276E-01  1.45417412E+00
  2.56879122E-01  1.45232514E+00
  2.57880069E-01  1.45045904E+00
  2.58881115E-01  1.44858889E+00
  2.59882262E-01  1.44670164E+00
  2.60883508E-01  1.44481035E+00
  2.61884855E-01  1.44290198E+00
  2.62886302E-01  1.44098957E+00
  2.63887849E-01  1.43906010E+00
  2.64889496E-01  1.43712659E+00
  2.65891243E-01  1.43517605E+00
  2.66893091E-01  1.43322146E+00
  2.67895039E-01  1.43124988E+00
  2.68897087E-01  1.42927424E+00
  2.69899235E-01  1.42728165E+00
  2.70901483E-01  1.42528499E+00
  2.71903832E-01  1.42327141E+00
  2.72906280E-01  1.42125375E+00
  2.73908830E-01  1.41921921E+00
  2.74911479E-01  1.41718059E+00
  2.75914229E-01  1.41512512E+00
  2.76917078E-01  1.41306556E+00
  2.77920029E-01  1.41098919E+00
  2.78923079E-01  1.40890873E+00
  2.79926230E-01  1.40681149E+00
  2.80929481E-01  1.40471016E+00
  2.81932832E-01  1.40259209E+00
  2.82936284E-01  1.40046991E+00
  2.83939836E-01  1.39833103E+00
  2.84943489E-01  1.39618805E+00
  2.85947242E-01  1.39402840E+00
  2.86951095E-01  1.39186465E+00
  2.87955049E-01  1.38968426E+00
  2.88959103E-01  1.38749976E+00
  2.89963257E-01  1.38529867E+00
  2.90967512E-01  1.38309347E+00
  2.91971867E-01  1.38087171E+00
  2.92976323E-01  1.37864583E+00
  2.93980879E-01  1.37640345E+00
  2.94985536E-01  1.37415694E+00
  2.95990293E-01  1.37189395E+00
  2.96995150E-01  1.36962684E+00
  2.98000109E-01  1.36734330E+00
  2.99005167E-01  1.36505563E+00
  3.00010326E-01  1.36275156E+00
  3.01015586E-01  1.36044336E+00
  3.02020946E-01  1.35811882E+00
  3.03026407E-01  1.35579013E+00
  3.04031968E-01  1.35344514E+00
  3.05037630E-01  1.35109600E+00
  3.06043392E-01  1.34873061E+00
  3.07049255E-01  1.34636106E+00
  3.08055219E-01  1.34397530E+00
  3.09061283E-01  1.34158538E+00
  3.10067447E-01  1.33917929E+00
  3.11073713E-01  1.33676904E+00
  3.12080079E-01  1.33434266E+00
  3.13086546E-01  1.33191212E+00
  3.14093113E-01  1.32946550E+00
  3.15099781E-01  1.32701471E+00
  3.16106549E-01  1.32454788E+00
  3.17113419E-01  1.32207688E+00
  3.18120389E-01  1.31958988E+00
  3.19127460E-01  1.31709872E+00
  3.20134631E-01  1.31459160E+00
  3.21141903E-01  1.31208030E+00
  3.22149276E-01  1.30955311E+00
  3.23156750E-01  1.30702173E+00
  3.24164324E-01  1.30447449E+00
  3.25171999E-01  1.30192307E+00
  3.26179775E-01  1.29935584E+00
  3.27187652E-01  1.29678443E+00
  3.28195629E-01  1.29419724E+00
  3.29203707E-01  1.29160587E+00
  3.30211887E-01  1.28899878E+00
  3.31220167E-01  1.28638750E+00
  3.32228547E-01  1.28376053E+00
  3.33237029E-01  1.28112939E+00
  3.34245611E-01  1.27848261E+00
  3.35254295E-01  1.27583164E+00
  3.36263079E-01  1.27316508E+00
  3.37271964E-01  1.27049433E+00
  3.38280950E-01  1.26780804E+00
  3.39290037E-01  1.26511756E+00
  3.40299225E-01  1.26241158E+00
  3.41308513E-01  1.25970141E+00
  3.42317903E-01  1.25697579E+00
  3.43327394E-01  1.25424598E+00
  3.44336985E-01  1.25150077E+00
  3.45346678E-01  1.24875136E+00
  3.46356471E-01  1.24598660E+00
  3.47366365E-01  1.24321764E+00
  3.48376361E-01  1.24043337E+00
  3.49386457E-01  1.23764491E+00
  3.50396655E-01  1.23484118E+00
  3.51406953E-01  1.23203327E+00
  3.52417353E-01  1.22921013E+00
  3.53427854E-01  1.22638280E+00
  3.54438455E-01  1.22354030E+00
  3.55449158E-01  1.22069361E+00
  3.56459962E-01  1.21783179E+00
  3.57470867E-01  1.21496578E+00
  3.58481872E-01  1.21208469E+00
  3.59492980E-01  1.20919942E+00
  3.60504188E-01  1.20629911E+00
  3.61515497E-01  1.20339462E+00
  3.62526907E-01  1.20047513E+00
  3.63538419E-01  1.19755147E+00
  3.64550032E-01  1.19461285E+00
  3.65561746E-01  1.19167007E+00
  3.66573561E-01  1.18871238E+00
  3.67585477E-01  1.18575052E+00
  3.68597495E-01  1.18277380E+00
  3.69609613E-01  1.17979292E+00
  3.70621833E-01  1.17679722E+00
  3.71634154E-01  1.17379736E+00
  3.72646577E-01  1.17078272E+00
  3.73659100E-01  1.16776394E+00
  3.74671725E-01  1.16473042E+00
  3.75684451E-01  1.16169276E+00
  3.76697279E-01  1.15864041E+00
  3.77710207E-01  1.15558393E+00
  3.78723237E-01  1.15251279E+00
  3.79736369E-01  1.14943753E+00
  3.80749601E-01  1.14634766E+00
  3.81762935E-01  1.14325367E+00
  3.82776370E-01  1.14014512E+00
  3.83789907E-01  1.13703245E+00
  3.84803545E-01  1.13390526E+00
  3.85817284E-01  1.13077397E+00
  3.86831125E-01  1.12762820E+00
  3.87845067E-01  1.12447834E+00
  3.88859111E-01  1.12131403E+00
  3.89873256E-01  1.11814564E+00
  3.90887502E-01  1.11496286E+00
  3.91901850E-01  1.11177599E+00
  3.92916299E-01  1.10857477E+00
  3.93930850E-01  1.10536949E+00
  3.94945502E-01  1.10214989E+00
  3.95960256E-01  1.09892624E+00
  3.96975111E-01  1.09568831E+00
  3.97990067E-01  1.09244634E+00
  3.99005125E-01  1.08919013E+00
  4.00020285E-01  1.08592990E+00
  4.01035546E-01  1.08265546E+00
  4.02050909E-01  1.07937701E+00
  4.03066373E-01  1.07608440E+00
  4.04081939E-01  1.07278779E+00
  4.05097606E-01  1.06947706E+00
  4.06113375E-01  1.06616234E+00
  4.07129245E-01  1.06283354E+00
  4.08145217E-01  1.05950075E+00
  4.09161291E-01  1.05615394E+00
  4.10177466E-01  1.05280315E+00
  4.11193743E-01  1.04943837E+00
  4.12210122E-01  1.04606963E+00
  4.13226602E-01  1.04268693E+00
  4.14243184E-01  1.03930029E+00
  4.15259867E-01  1.03589973E+00
  4.16276652E-01  1.03249525E+00
  4.17293539E-01  1.02907688E+00
  4.18310528E-01  1.02565461E+00
  4.19327618E-01  1.02221849E+00
  4.20344810E-01  1.01877847E+00
  4.21362103E-01  1.01532465E+00
  4.22379499E-01  1.01186695E+00
  4.23396996E-01  1.00839547E+00
  4.24414595E-01  1.00492014E+00
  4.25432296E-01  1.00143107E+00
  4.26450098E-01  9.97938162E-01
  4.27468002E-01  9.94431550E-01
  4.28486008E-01  9.90921117E-01
  4.29504116E-01  9.87397016E-01
  4.30522326E-01  9.83869113E-01
  4.31540637E-01  9.80327577E-01
  4.32559051E-01  9.76782258E-01
  4.33577566E-01  9.73223341E-01
  4.34596183E-01  9.69660660E-01
  4.35614902E-01  9.66084416E-01
  4.36633722E-01  9.62504428E-01
  4.37652645E-01  9.58910912E-01
  4.38671670E-01  9.55313671E-01
  4.39690796E-01  9.51702935E-01
  4.40710024E-01  9.48088497E-01
  4.41729355E-01  9.44460597E-01
  4.42748787E-01  9.40829015E-01
  4.43768321E-01  9.37184006E-01
  4.44787957E-01  9.33535336E-01
  4.45807695E-01  9.29873270E-01
  4.46827535E-01  9.26207567E-01
  4.47847477E-01  9.22528501E-01
  4.48867522E-01  9.18845820E-01
  4.49887668E-01  9.15149808E-01
  4.50907916E-01  9.11450204E-01
  4.51928266E-01  9.07737301E-01
  4.52948718E-01  9.04020829E-01
  4.53969272E-01  9.00291089E-01
  4.54989929E-01  8.96557805E-01
  4.56010687E-01  8.92811285E-01
  4.57031547E-01  8.89061244E-01
  4.58052510E-01  8.85297998E-01
  4.59073574E-01  8.81531256E-01
  4.60094741E-01  8.77751340E-01
  4.61116010E-01  8.73967952E-01
  4.62137381E-01  8.70171421E-01
  4.63158854E-01  8.66371443E-01
  4.64180429E-01  8.62558352E-01
  4.65202107E-01  8.58741840E-01
  4.66223887E-01  8.54912246E-01
  4.67245768E-01  8.51079256E-01
  4.68267752E-01  8.47233213E-01
  4.69289839E-01  8.43383801E-01
  4.70312027E-01  8.39521365E-01
  4.71334318E-01  8.35655587E-01
  4.72356710E-01  8.31776815E-01
  4.73379206E-01  8.27894727E-01
  4.74401803E-01  8.23999674E-01
  4.75424503E-01  8.20101332E-01
  4.76447305E-01  8.16190055E-01
  4.77470209E-01  8.12275516E-01
  4.78493215E-01  8.08348070E-01
  4.79516324E-01  8.04417390E-01
  4.80539535E-01  8.00473832E-01
  4.81562849E-01  7.96527066E-01
  4.82586264E-01  7.92567452E-01
  4.83609782E-01  7.88604659E-01
  4.84633403E-01  7.84629045E-01
  4.85657126E-01  7.80650279E-01
  4.86680951E-01  7.76658723E-01
  4.87704879E-01  7.72664042E-01
  4.88728909E-01  7.68656599E-01
  4.89753041E-01  7.64646059E-01
  4.90777276E-01  7.60622785E-01
  4.91801613E-01  7.56596444E-01
  4.92826053E-01  7.52557397E-01
  4.93850595E-01  7.48515310E-01
  4.94875240E-01  7.44460546E-01
  4.95899987E-01  7.40402771E-01
  4.96924836E-01  7.36332347E-01
  4.97949788E-01  7.32258940E-01
  4.98974843E-01  7.28172913E-01
  5.00000000E-01  7.24083931E-01
  5.01025157E-01  7.22290240E-01
  5.02050212E-01  7.20847375E-01
  5.03075164E-01  7.19802888E-01
  5.04100013E-01  7.18977938E-01
  5.05124760E-01  7.18318003E-01
  5.06149405E-01  7.17775447E-01
  5.07173947E-01  7.17321577E-01
  5.08198387E-01  7.16935484E-01
  5.09222724E-01  7.16602172E-01
  5.10246959E-01  7.16310541E-01
  5.11271091E-01  7.16052098E-01
  5.12295121E-01  7.15820380E-01
  5.13319049E-01  7.15610255E-01
  5.14342874E-01  7.15417744E-01
  5.15366597E-01  7.15239599E-01
  5.16390218E-01  7.15073276E-01
  5.17413736E-01  7.14916651E-01
  5.18437151E-01  7.14768056E-01
  5.19460465E-01  7.14626066E-01
  5.20483676E-01  7.14489569E-01
  5.21506785E-01  7.14357591E-01
  5.22529791E-01  7.14229381E-01
  5.23552695E-01  7.14104262E-01
  5.24575497E-01  7.13981725E-01
  5.25598197E-01  7.13861294E-01
  5.26620794E-01  7.13742621E-01
  5.27643290E-01  7.13625367E-01
  5.28665682E-01  7.13509296E-01
  5.29687973E-01  7.13394162E-01
  5.30710161E-01  7.13279808E-01
  5.31732248E-01  7.13166052E-01
  5.32754232E-01  7.13052791E-01
  5.33776113E-01  7.12939888E-01
  5.34797893E-01  7.12827280E-01
  5.35819571E-01  7.12714860E-01
  5.36841146E-01  7.12602591E-01
  5.37862619E-01  7.12490391E-01
  5.38883990E-01  7.12378240E-01
  5.39905259E-01  7.12266071E-01
  5.40926426E-01  7.12153880E-01
  5.41947490E-01  7.12041610E-01
  5.42968453E-01  7.11929266E-01
  5.43989313E-01  7.11816800E-01
  5.45010071E-01  7.11704222E-01
  5.46030728E-01  7.11591491E-01
  5.47051282E-01  7.11478621E-01
  5.48071734E-01  7.11365577E-01
  5.49092084E-01  7.11252375E-01
  5.50112332E-01  7.11138981E-01
  5.51132478E-01  7.11025417E-01
  5.52152523E-01  7.10911649E-01
  5.53172465E-01  7.10797701E-01
  5.54192305E-01  7.10683540E-01
  5.55212043E-01  7.10569192E-01
  5.56231679E-01  7.10454626E-01
  5.57251213E-01  7.10339867E-01
  5.58270645E-01  7.10224885E-01
  5.59289976E-01  7.10109707E-01
  5.60309204E-01  7.09994302E-01
  5.61328330E-01  7.09878697E-01
  5.62347355E-01  7.09762864E-01
  5.63366278E-01  7.09646829E-01
  5.64385098E-01  7.09530563E-01
  5.65403817E-01  7.09414093E-01
  5.66422434E-01  7.09297391E-01
  5.67440949E-01  7.09180483E-01
  5.68459363E-01  7.09063343E-01
  5.69477674E-01  7.08945994E-01
  5.70495884E-01  7.08828412E-01
  5.71513992E-01  7.08710621E-01
  5.72531998E-01  7.08592596E-01
  5.73549902E-01  7.08474360E-01
  5.74567704E-01  7.08355889E-01
  5.75585405E-01  7.08237206E-01
  5.76603004E-01  7.08118288E-01
  5.77620501E-01  7.07999157E-01
  5.78637897E-01  7.07879789E-01
  5.79655190E-01  7.07760207E-01
  5.80672382E-01  7.07640388E-01
  5.81689472E-01  7.07520353E-01
  5.82706461E-01  7.07400080E-01
  5.83723348E-01  7.07279590E-01
  5.84740133E-01  7.07158863E-01
  5.85756816E-01  7.07037915E-01
  5.86773398E-01  7.06916730E-01
  5.87789878E-01  7.06795323E-01
  5.88806257E-01  7.06673678E-01
  5.89822534E-01  7.06551809E-01
  5.90838709E-01  7.06429701E-01
  5.91854783E-01  7.06307368E-01
  5.92870755E-01  7.06184795E-01
  5.93886625E-01  7.06061995E-01
  5.94902394E-01  7.05938954E-01
  5.95918061E-01  7.05815684E-01
  5.96933627E-01  7.05692172E-01
  5.97949091E-01  7.05568428E-01
  5.98964454E-01  7.05444443E-01
  5.99979715E-01  7.05320223E-01
  6.00994875E-01  7.05195761E-01
  6.02009933E-01  7.05071061E-01
  6.03024889E-01  7.04946118E-01
  6.04039744E-01  7.04820934E-01
  6.05054498E-01  7.04695508E-01
  6.06069150E-01  7.04569837E-01
  6.07083701E-01  7.04443922E-01
  6.08098150E-01  7.04317760E-01
  6.09112498E-01  7.04191354E-01
  6.10126744E-01  7.04064697E-01
  6.11140889E-01  7.03937794E-01
  6.12154933E-01  7.03810637E-01
  6.13168875E-01  7.03683234E-01
  6.14182716E-01  7.03555573E-01
  6.15196455E-01  7.03427665E-01
  6.16210093E-01  7.03299495E-01
  6.17223630E-01  7.03171077E-01
  6.18237065E-01  7.03042392E-01
  6.19250399E-01  7.02913459E-01
  6.20263631E-01  7.02784256E-01
  6.21276763E-01  7.02654802E-01
  6.22289793E-01  7.02525074E-01
  6.23302721E-01  7.02395095E-01
  6.24315549E-01  7.02264836E-01
  6.25328275E-01  7.02134325E-01
  6.26340900E-01  7.02003530E-01
  6.27353423E-01  7.01872482E-01
  6.28365846E-01  7.01741144E-01
  6.29378167E-01  7.01609552E-01
  6.30390387E-01  7.01477665E-01
  6.31402505E-01  7.01345522E-01
  6.32414523E-01  7.01213079E-01
  6.33426439E-01  7.01080379E-01
  6.34438254E-01  7.00947373E-01
  6.35449968E-01  7.00814109E-01
  6.36461581E-01  7.00680533E-01
  6.37473093E-01  7.00546698E-01
  6.38484503E-01  7.00412543E-01
  6.39495812E-01  7.00278129E-01
  6.40507020E-01  7.00143389E-01
  6.41518128E-01  7.00008387E-01
  6.42529133E-01  6.99873053E-01
  6.43540038E-01  6.99737455E-01
  6.44550842E-01  6.99601519E-01
  6.45561545E-01  6.99465317E-01
  6.46572146E-01  6.99328770E-01
  6.47582647E-01  6.99191955E-01
  6.48593047E-01  6.99054787E-01
  6.49603345E-01  6.98917351E-01
  6.50613543E-01  6.98779553E-01
  6.51623639E-01  6.98641484E-01
  6.52633635E-01  6.98503046E-01
  6.53643529E-01  6.98364336E-01
  6.54653322E-01  6.98225249E-01
  6.55663015E-01  6.98085887E-01
  6.56672606E-01  6.97946138E-01
  6.57682097E-01  6.97806114E-01
  6.58691487E-01  6.97665694E-01
  6.59700775E-01  6.97524996E-01
  6.60709963E-01  6.97383893E-01
  6.61719050E-01  6.97242509E-01
  6.62728036E-01  6.97100712E-01
  6.63736921E-01  6.96958632E-01
  6.64745705E-01  6.96816127E-01
  6.65754389E-01  6.96673338E-01
  6.66762971E-01  6.96530115E-01
  6.67771453E-01  6.96386604E-01
  6.68779833E-01  6.96242648E-01
  6.69788113E-01  6.96098402E-01
  6.70796293E-01  6.95953700E-01
  6.71804371E-01  6.95808706E-01
  6.72812348E-01  6.95663244E-01
  6.73820225E-01  6.95517487E-01
  6.74828001E-01  6.95371251E-01
  6.75835676E-01  6.95224718E-01
  6.76843250E-01  6.95077693E-01
  6.77850724E-01  6.94930367E-01
  6.78858097E-01  6.94782538E-01
  6.79865369E-01  6.94634405E-01
  6.80872540E-01  6.94485755E-01
  6.81879611E-01  6.94336799E-01
  6.82886581E-01  6.94187312E-01
  6.83893451E-01  6.94037516E-01
  6.84900219E-01  6.93887176E-01
  6.85906887E-01  6.93736522E-01
  6.86913454E-01  6.93585311E-01
  6.87919921E-01  6.93433783E-01
  6.88926287E-01  6.93281682E-01
  6.89932553E-01  6.93129260E-01
  6.90938717E-01  6.92976251E-01
  6.91944781E-01  6.92822918E-01
  6.92950745E-01  6.92668982E-01
  6.93956608E-01  6.92514717E-01
  6.94962370E-01  6.92359833E-01
  6.95968032E-01  6.92204616E-01
  6.96973593E-01  6.92048764E-01
  6.97979054E-01  6.91892575E-01
  6.98984414E-01  6.91735733E-01
  6.99989674E-01  6.91578550E-01
  7.00994833E-01  6.91420697E-01
  7.01999891E-01  6.91262498E-01
  7.03004850E-01  6.91103610E-01
  7.04009707E-01  6.90944372E-01
  7.05014464E-01  6.90784426E-01
  7.06019121E-01  6.90624125E-01
  7.07023677E-01  6.90463096E-01
  7.08028133E-01  6.90301708E-01
  7.09032488E-01  6.90139572E-01
  7.10036743E-01  6.89977070E-01
  7.11040897E-01  6.89813801E-01
  7.12044951E-01  6.89650161E-01
  7.13048905E-01  6.89485731E-01
  7.14052758E-01  6.89320924E-01
  7.15056511E-01  6.89155307E-01
  7.16060164E-01  6.88989306E-01
  7.17063716E-01  6.88822471E-01
  7.18067168E-01  6.88655247E-01
  7.19070519E-01  6.88487167E-01
  7.20073770E-01  6.88318690E-01
  7.21076921E-01  6.88149332E-01
  7.22079971E-01  6.87979571E-01
  7.23082922E-01  6.87808904E-01
  7.24085771E-01  6.87637827E-01
  7.25088521E-01  6.87465819E-01
  7.26091170E-01  6.87293393E-01
  7.27093720E-01  6.87120009E-01
  7.28096168E-01  6.86946201E-01
  7.29098517E-01  6.86771406E-01
  7.30100765E-01  6.86596179E-01
  7.31102913E-01  6.86419938E-01
  7.32104961E-01  6.86243255E-01
  7.33106909E-01  6.86065530E-01
  7.34108757E-01  6.85887354E-01
  7.35110504E-01  6.85708105E-01
  7.36112151E-01  6.85528398E-01
  7.37113698E-01  6.85347586E-01
  7.38115145E-01  6.85166306E-01
  7.39116492E-01  6.84983888E-01
  7.40117738E-01  6.84800994E-01
  7.41118885E-01  6.84616928E-01
  7.42119931E-01  6.84432375E-01
  7.43120878E-01  6.84246618E-01
  7.44121724E-01  6.84060362E-01
  7.45122470E-01  6.83872865E-01
  7.46123116E-01  6.83684859E-01
  7.47123662E-01  6.83495576E-01
  7.48124108E-01  6.83305772E-01
  7.49124454E-01  6.83114653E-01
  7.50124700E-01  6.82923001E-01
  7.51124845E-01  6.82729994E-01
  7.52124891E-01  6.82536442E-01
  7.53124837E-01  6.82341495E-01
  7.54124683E-01  6.82145989E-01
  7.55124429E-01  6.81949046E-01
  7.56124075E-01  6.81751531E-01
  7.57123621E-01  6.81552534E-01
  7.58123067E-01  6.81352953E-01
  7.59122413E-01  6.81151843E-01
  7.60121659E-01  6.80950134E-01
  7.61120805E-01  6.80746851E-01
  7.62119851E-01  6.80542953E-01
  7.63118798E-01  6.80337431E-01
  7.64117644E-01  6.80131279E-01
  7.65116391E-01  6.79923453E-01
  7.66115038E-01  6.79714980E-01
  7.67113585E-01  6.79504781E-01
  7.68112032E-01  6.79293918E-01
  7.69110379E-01  6.79081274E-01
  7.70108626E-01  6.78867947E-01
  7.71106774E-01  6.78652784E-01
  7.72104821E-01  6.78436920E-01
  7.73102769E-01  6.78219161E-01
  7.74100618E-01  6.78000681E-01
  7.75098366E-01  6.77780245E-01
  7.76096015E-01  6.77559067E-01
  7.77093563E-01  6.77335871E-01
  7.78091012E-01  6.77111912E-01
  7.79088362E-01  6.76885869E-01
  7.80085611E-01  6.76659041E-01
  7.81082761E-01  6.76430061E-01
  7.82079812E-01  6.76200271E-01
  7.83076762E-01  6.75968260E-01
  7.84073613E-01  6.75735415E-01
  7.85070364E-01  6.75500275E-01
  7.86067015E-01  6.75264274E-01
  7.87063567E-01  6.75025903E-01
  7.88060019E-01  6.74786644E-01
  7.89056372E-01  6.74544935E-01
  7.90052625E-01  6.74302311E-01
  7.91048778E-01  6.74057155E-01
  7.92044832E-01  6.73811052E-01
  7.93040786E-01  6.73562332E-01
  7.94036640E-01  6.73312636E-01
  7.95032395E-01  6.73060232E-01
  7.96028050E-01  6.72806819E-01
  7.97023606E-01  6.72550606E-01
  7.98019062E-01  6.72293349E-01
  7.99014419E-01  6.72033195E-01
  8.00009676E-01  6.71771962E-01
  8.01004834E-01  6.71507731E-01
  8.01999892E-01  6.71242383E-01
  8.02994850E-01  6.70973931E-01
  8.03989709E-01  6.70704323E-01
  8.04984469E-01  6.70431502E-01
  8.05979129E-01  6.70157482E-01
  8.06973690E-01  6.69880135E-01
  8.07968151E-01  6.69601546E-01
  8.08962513E-01  6.69319510E-01
  8.09956775E-01  6.69036185E-01
  8.10950938E-01  6.68749288E-01
  8.11945002E-01  6.68461055E-01
  8.12938966E-01  6.68169120E-01
  8.13932831E-01  6.67875797E-01
  8.14926596E-01  6.67578635E-01
  8.15920262E-01  6.67280032E-01
  8.16913828E-01  6.66977447E-01
  8.17907296E-01  6.66673365E-01
  8.18900664E-01  6.66365152E-01
  8.19893932E-01  6.66055383E-01
  8.20887102E-01  6.65741325E-01
  8.21880172E-01  6.65425649E-01
  8.22873142E-01  6.65105521E-01
  8.23866014E-01  6.64783709E-01
  8.24858786E-01  6.64457274E-01
  8.25851458E-01  6.64129084E-01
  8.26844032E-01  6.63796091E-01
  8.27836506E-01  6.63461271E-01
  8.28828881E-01  6.63121459E-01
  8.29821157E-01  6.62779742E-01
  8.30813334E-01  6.62432835E-01
  8.31805411E-01  6.62083941E-01
  8.32797389E-01  6.61729650E-01
  8.33789268E-01  6.61373286E-01
  8.34781048E-01  6.61011306E-01
  8.35772729E-01  6.60647161E-01
  8.36764310E-01  6.60277171E-01
  8.37755793E-01  6.59904920E-01
  8.38747176E-01  6.59526582E-01
  8.39738460E-01  6.59145881E-01
  8.40729645E-01  6.58758839E-01
  8.41720730E-01  6.58369325E-01
  8.42711717E-01  6.57973204E-01
  8.43702605E-01  6.57574496E-01
  8.44693393E-01  6.57168899E-01
  8.45684083E-01  6.56760594E-01
  8.46674673E-01  6.56345103E-01
  8.47665164E-01  6.55926775E-01
  8.48655557E-01  6.55500948E-01
  8.49645850E-01  6.55072147E-01
  8.50636044E-01  6.54635517E-01
  8.51626139E-01  6.54195769E-01
  8.52616136E-01  6.53747843E-01
  8.53606033E-01  6.53296644E-01
  8.54595831E-01  6.52836898E-01
  8.55585530E-01  6.52373716E-01
  8.56575131E-01  6.51901599E-01
  8.57564632E-01  6.51425870E-01
  8.58554034E-01  6.50940795E-01
  8.59543338E-01  6.50451922E-01
  8.60532542E-01  6.49953267E-01
  8.61521648E-01  6.49450617E-01
  8.62510655E-01  6.48937723E-01
  8.63499563E-01  6.48420624E-01
  8.64488371E-01  6.47892792E-01
  8.65477082E-01  6.47360530E-01
  8.66465693E-01  6.46817016E-01
  8.67454205E-01  6.46268832E-01
  8.68442619E-01  6.45708848E-01
  8.69430933E-01  6.45143936E-01
  8.70419149E-01  6.44566640E-01
  8.71407266E-01  6.43984142E-01
  8.72395284E-01  6.43388640E-01
  8.73383204E-01  6.42787643E-01
  8.74371024E-01  6.42172982E-01
  8.75358746E-01  6.41552512E-01
  8.76346369E-01  6.40917677E-01
  8.77333893E-01  6.40276696E-01
  8.78321319E-01  6.39620603E-01
  8.79308646E-01  6.38958004E-01
  8.80295874E-01  6.38279497E-01
  8.81283003E-01  6.37594097E-01
  8.82270034E-01  6.36891938E-01
  8.83256966E-01  6.36182473E-01
  8.84243799E-01  6.35455343E-01
  8.85230534E-01  6.34720459E-01
  8.86217170E-01  6.33966943E-01
  8.87203707E-01  6.33205194E-01
  8.88190146E-01  6.32423777E-01
  8.89176486E-01  6.31633611E-01
  8.90162727E-01  6.30822671E-01
  8.91148870E-01  6.30002424E-01
  8.92134914E-01  6.29160218E-01
  8.93120859E-01  6.28308106E-01
  8.94106706E-01  6.27432765E-01
  8.95092455E-01  6.26546869E-01
  8.96078105E-01  6.25636384E-01
  8.97063656E-01  6.24714642E-01
  8.98049108E-01  6.23766850E-01
  8.99034463E-01  6.22807045E-01
  9.00019718E-01  6.21819618E-01
  9.01004875E-01  6.20819358E-01
  9.01989934E-01  6.19789789E-01
  9.02974894E-01  6.18746497E-01
  9.03959756E-01  6.17672080E-01
  9.04944519E-01  6.16582975E-01
  9.05929183E-01  6.15460787E-01
  9.06913750E-01  6.14322863E-01
  9.07898217E-01  6.13149747E-01
  9.08882587E-01  6.11959753E-01
  9.09866857E-01  6.10732291E-01
  9.10851030E-01  6.09486709E-01
  9.11835104E-01  6.08201198E-01
  9.12819079E-01  6.06896214E-01
  9.13802957E-01  6.05548641E-01
  9.14786735E-01  6.04180116E-01
  9.15770416E-01  6.02766122E-01
  9.16753998E-01  6.01329560E-01
  9.17737482E-01  5.99844409E-01
  9.18720867E-01  5.98334920E-01
  9.19704154E-01  5.96773458E-01
  9.20687343E-01  5.95185718E-01
  9.21670433E-01  5.93542330E-01
  9.22653426E-01  5.91870535E-01
  9.23636319E-01  5.90139095E-01
  9.24619115E-01  5.88376909E-01
  9.25601812E-01  5.86550731E-01
  9.26584411E-01  5.84691228E-01
  9.27566912E-01  5.82762997E-01
  9.28549315E-01  5.80798599E-01
  9.29531619E-01  5.78760309E-01
  9.30513825E-01  5.76682713E-01
  9.31495933E-01  5.74525586E-01
  9.32477942E-01  5.72325681E-01
  9.33459854E-01  5.70040084E-01
  9.34441667E-01  5.67707863E-01
  9.35423382E-01  5.65283209E-01
  9.36404999E-01  5.62807664E-01
  9.37386518E-01  5.60232307E-01
  9.38367938E-01  5.57601315E-01
  9.39349261E-01  5.54862426E-01
  9.40330485E-01  5.52062624E-01
  9.41311611E-01  5.49146060E-01
  9.42292639E-01  5.46162701E-01
  9.43273570E-01  5.43052852E-01
  9.44254401E-01  5.39869646E-01
  9.45235135E-01  5.36549276E-01
  9.46215771E-01  5.33148219E-01
  9.47196309E-01  5.29598284E-01
  9.48176748E-01  5.25959471E-01
  9.49157090E-01  5.22158927E-01
  9.50137334E-01  5.18260350E-01
  9.51117479E-01  5.14185952E-01
  9.52097527E-01  5.10003287E-01
  9.53077476E-01  5.05629386E-01
  9.54057328E-01  5.01135788E-01
  9.55037082E-01  4.96434125E-01
  9.56016737E-01  4.91600025E-01
  9.56996295E-01  4.86539560E-01
  9.57975755E-01  4.81332500E-01
  9.58955116E-01  4.75879287E-01
  9.59934380E-01  4.70263820E-01
  9.60913546E-01  4.64380970E-01
  9.61892614E-01  4.58318672E-01
  9.62871584E-01  4.51966468E-01
  9.63850457E-01  4.45416139E-01
  9.64829231E-01  4.38552394E-01
  9.65807907E-01  4.31470540E-01
  9.66786486E-01  4.24051302E-01
  9.67764967E-01  4.16393051E-01
  9.68743350E-01  4.08373825E-01
  9.69721635E-01  4.00094441E-01
  9.70699822E-01  3.91432113E-01
  9.71677911E-01  3.82489326E-01
  9.72655903E-01  3.73144992E-01
  9.73633797E-01  3.63502333E-01
  9.74611593E-01  3.53445182E-01
  9.75589291E-01  3.43076432E-01
  9.76566892E-01  3.32288668E-01
  9.77544394E-01  3.21183249E-01
  9.78521799E-01  3.09665661E-01
  9.79499107E-01  2.97834348E-01
  9.80476316E-01  2.85611550E-01
  9.81453428E-01  2.73091166E-01
  9.82430442E-01  2.60214882E-01
  9.83407359E-01  2.47070067E-01
  9.84384177E-01  2.33618468E-01
  9.85360899E-01  2.19938597E-01
  9.86337522E-01  2.06010313E-01
  9.87314048E-01  1.91900884E-01
  9.88290476E-01  1.77604088E-01
  9.89266806E-01  1.63174117E-01
  9.90243039E-01  1.48613386E-01
  9.91219174E-01  1.33962359E-01
  9.92195212E-01  1.19227162E-01
  9.93171152E-01  1.04435336E-01
  9.94146994E-01  8.95931626E-02
  9.95122739E-01  7.47172725E-02
  9.96098386E-01  5.98122139E-02
  9.97073936E-01  4.48863855E-02
  9.98049388E-01  2.99421299E-02
  9.99024743E-01  1.49824462E-02
  1.00000000E+00  0.00000000E+00
